Chr	Start	End	Name	Primer	CoveredCount	PercentCovered	Size
chr1	833067	833068	rs12562034	NA	0	0	2
chr1	1130648	1130649	rs12145826	NA	0	0	2
chr1	1171092	1171093	rs4970420	NA	0	0	2
chr1	1551453	1551454	rs3128342	primer_12_0	2	1	2
chr1	2165198	2165199	rs3052	NA	0	0	2
chr1	2289209	2289210	rs2017143	NA	0	0	2
chr1	2378753	2378754	rs903901	NA	0	0	2
chr1	2407634	2407635	rs2494428	primer_29_2	2	1	2
chr1	2428541	2428542	rs12022929	NA	0	0	2
chr1	2881290	2881291	rs10797342	NA	0	0	2
chr1	3011059	3011060	rs6685625	NA	0	0	2
chr1	3058287	3058288	rs2376821	NA	0	0	2
chr1	3345117	3345118	rs4415513	NA	0	0	2
chr1	3419635	3419636	rs1984069	primer_16_5	2	1	2
chr1	3488731	3488732	rs4648505	NA	0	0	2
chr1	3540027	3540028	rs4648524	NA	0	0	2
chr1	3594730	3594731	rs7544357	primer_35_6	2	1	2
chr1	3627781	3627782	rs4276857	primer_20_7	2	1	2
chr1	3656209	3656210	rs2181484	NA	0	0	2
chr1	3829359	3829360	rs2275831	NA	0	0	2
chr1	3883677	3883678	rs3205087	primer_17_4	2	1	2
chr1	3949895	3949896	rs6661168	NA	0	0	2
chr1	4312931	4312932	rs1353341	NA	0	0	2
chr1	4319626	4319627	rs12408012	NA	0	0	2
chr1	4474260	4474261	rs10047182	NA	0	0	2
chr1	4481329	4481330	rs11799990	NA	0	0	2
chr1	4739139	4739140	rs3753702	primer_6_4	2	1	2
chr1	4825625	4825626	rs10915621	NA	0	0	2
chr1	5018288	5018289	rs10915315	NA	0	0	2
chr1	5176049	5176050	rs6698702	primer_26_6	2	1	2
chr1	5282971	5282972	rs604664	primer_38_5	2	1	2
chr1	5431440	5431441	rs7415936	primer_32_1	2	1	2
chr1	5489464	5489465	rs11260698	NA	0	0	2
chr1	5581521	5581522	rs1775421	NA	0	0	2
chr1	5624240	5624241	rs945322	NA	0	0	2
chr1	5840734	5840735	rs1698976	NA	0	0	2
chr1	5865740	5865741	rs489933	NA	0	0	2
chr1	6460251	6460252	rs3138158	NA	0	0	2
chr1	6918561	6918562	rs12751613	NA	0	0	2
chr1	6931864	6931865	rs6577395	primer_28_1	2	1	2
chr1	7264407	7264408	rs6577430	NA	0	0	2
chr1	7282045	7282046	rs12409413	NA	0	0	2
chr1	7332533	7332534	rs2301462	primer_11_2	2	1	2
chr1	7374010	7374011	rs845217	NA	0	0	2
chr1	7409190	7409191	rs10864301	NA	0	0	2
chr1	7520708	7520709	rs1618346	NA	0	0	2
chr1	7732350	7732351	rs2301488	NA	0	0	2
chr1	7853369	7853370	rs228648	primer_37_0	2	1	2
chr1	8127150	8127151	rs4908736	NA	0	0	2
chr1	8135165	8135166	rs7529511	NA	0	0	2
chr1	8140629	8140630	rs6701300	NA	0	0	2
chr1	8923708	8923709	rs11805233	NA	0	0	2
chr1	9080018	9080019	rs12726360	NA	0	0	2
chr1	9398733	9398734	rs6688312	NA	0	0	2
chr1	10197108	10197109	rs6691645	primer_15_7	2	1	2
chr1	10697141	10697142	rs4845948	NA	0	0	2
chr1	10702374	10702375	rs7514751	primer_19_6	2	1	2
chr1	10772264	10772265	rs205472	NA	0	0	2
chr1	10848354	10848355	rs1292666	NA	0	0	2
chr1	10887522	10887523	rs4845960	NA	0	0	2
chr1	10940218	10940219	rs12755921	NA	0	0	2
chr1	11395969	11395970	rs12058244	NA	0	0	2
chr1	11662630	11662631	rs3125815	NA	0	0	2
chr1	11712282	11712283	rs2336034	primer_21_1	2	1	2
chr1	11714898	11714899	rs9430631	NA	0	0	2
chr1	11737128	11737129	rs12095517	primer_11_3	2	1	2
chr1	11857282	11857283	rs198388	NA	0	0	2
chr1	11999354	11999355	rs2295281	primer_7_5	2	1	2
chr1	12108465	12108466	rs11569864	NA	0	0	2
chr1	12204297	12204298	rs235219	NA	0	0	2
chr1	12448886	12448887	rs475983	primer_8_4	2	1	2
chr1	12603768	12603769	rs4846127	NA	0	0	2
chr1	12703778	12703779	rs10779772	NA	0	0	2
chr1	13626368	13626369	rs7515525	NA	0	0	2
chr1	13834258	13834259	rs982510	NA	0	0	2
chr1	13901994	13901995	rs1203709	primer_19_5	2	1	2
chr1	14170291	14170292	rs12568548	NA	0	0	2
chr1	14399552	14399553	rs943918	primer_10_9	2	1	2
chr1	14549535	14549536	rs4385705	NA	0	0	2
chr1	14575755	14575756	rs7527439	primer_1_2	2	1	2
chr1	14840506	14840507	rs11585327	primer_27_1	2	1	2
chr1	14856812	14856813	rs804129	NA	0	0	2
chr1	14862802	14862803	rs3845596	NA	0	0	2
chr1	16068651	16068652	rs10927902	primer_37_2	2	1	2
chr1	17582916	17582917	rs12756041	NA	0	0	2
chr1	17853890	17853891	rs708096	NA	0	0	2
chr1	18156634	18156635	rs16861648	NA	0	0	2
chr1	18694878	18694879	rs585075	NA	0	0	2
chr1	18748485	18748486	rs12121503	NA	0	0	2
chr1	19549530	19549531	rs4508039	NA	0	0	2
chr1	19655297	19655298	rs2294630	NA	0	0	2
chr1	19710396	19710397	rs4912019	NA	0	0	2
chr1	19783942	19783943	rs12140071	NA	0	0	2
chr1	19831747	19831748	rs4509550	NA	0	0	2
chr1	19922215	19922216	rs1108974	primer_12_6	2	1	2
chr1	20138397	20138398	rs631134	NA	0	0	2
chr1	20174948	20174949	rs10916718	primer_34_6	2	1	2
chr1	20355836	20355837	rs230178	NA	0	0	2
chr1	20448856	20448857	rs11799849	primer_0_0	2	1	2
chr1	21305976	21305977	rs3026845	NA	0	0	2
chr1	21322121	21322122	rs213022	NA	0	0	2
chr1	21572997	21572998	rs1780320	NA	0	0	2
chr1	21857245	21857246	rs2305562	NA	0	0	2
chr1	21938799	21938800	rs10917067	NA	0	0	2
chr1	22035351	22035352	rs2473277	NA	0	0	2
chr1	22537499	22537500	rs12130508	NA	0	0	2
chr1	22775194	22775195	rs1561624	NA	0	0	2
chr1	23531824	23531825	rs3218121	NA	0	0	2
chr1	23553716	23553717	rs909534	NA	0	0	2
chr1	23577854	23577855	rs10917395	NA	0	0	2
chr1	23667710	23667711	rs2902663	NA	0	0	2
chr1	24062544	24062545	rs4648930	NA	0	0	2
chr1	24595637	24595638	rs10903095	NA	0	0	2
chr1	25181699	25181700	rs6600267	NA	0	0	2
chr1	25566388	25566389	rs3924486	NA	0	0	2
chr1	25638686	25638687	rs2982304	NA	0	0	2
chr1	26121247	26121248	rs1981135	NA	0	0	2
chr1	26387713	26387714	rs11247945	NA	0	0	2
chr1	26476056	26476057	rs12741800	NA	0	0	2
chr1	26532260	26532261	rs7555931	primer_26_0	2	1	2
chr1	29660654	29660655	rs199613	NA	0	0	2
chr1	30325588	30325589	rs7528451	NA	0	0	2
chr1	30711370	30711371	rs1188394	primer_24_7	2	1	2
chr1	30788189	30788190	rs4949302	NA	0	0	2
chr1	30842554	30842555	rs4949315	NA	0	0	2
chr1	31660468	31660469	rs11807560	primer_20_5	2	1	2
chr1	31836506	31836507	rs11578323	NA	0	0	2
chr1	31944880	31944881	rs648718	NA	0	0	2
chr1	32596952	32596953	rs6678903	NA	0	0	2
chr1	33406991	33406992	rs6661037	NA	0	0	2
chr1	33709750	33709751	rs16835734	primer_17_6	2	1	2
chr1	33783728	33783729	rs717030	primer_13_1	2	1	2
chr1	33883269	33883270	rs1321630	NA	0	0	2
chr1	33922262	33922263	rs6697504	NA	0	0	2
chr1	33958791	33958792	rs549048	NA	0	0	2
chr1	34187676	34187677	rs2994598	NA	0	0	2
chr1	34261977	34261978	rs771401	NA	0	0	2
chr1	34421052	34421053	rs2294190	NA	0	0	2
chr1	34836024	34836025	rs6689092	NA	0	0	2
chr1	36520916	36520917	rs7530283	primer_7_4	2	1	2
chr1	36574772	36574773	rs7540413	primer_16_9	2	1	2
chr1	37068653	37068654	rs6702349	primer_17_9	2	1	2
chr1	37735698	37735699	rs631432	primer_15_9	2	1	2
chr1	37805822	37805823	rs3795494	NA	0	0	2
chr1	38340256	38340257	rs11210569	NA	0	0	2
chr1	38418856	38418857	rs4290027	NA	0	0	2
chr1	38452137	38452138	rs882000	NA	0	0	2
chr1	38496462	38496463	rs1932364	NA	0	0	2
chr1	38575994	38575995	rs4970603	NA	0	0	2
chr1	39092015	39092016	rs4660401	primer_8_9	2	1	2
chr1	39659652	39659653	rs17264901	primer_8_8	2	1	2
chr1	39734181	39734182	rs704787	primer_18_8	2	1	2
chr1	39893053	39893054	rs11811998	primer_6_1	2	1	2
chr1	39899130	39899131	rs3134613	NA	0	0	2
chr1	40794495	40794496	rs2769258	NA	0	0	2
chr1	40858209	40858210	rs913382	NA	0	0	2
chr1	41169283	41169284	rs11802778	NA	0	0	2
chr1	41376677	41376678	rs4660192	NA	0	0	2
chr1	41413315	41413316	rs2801962	NA	0	0	2
chr1	41438879	41438880	rs12065902	NA	0	0	2
chr1	41446703	41446704	rs11584933	NA	0	0	2
chr1	41453834	41453835	rs10890022	NA	0	0	2
chr1	42065874	42065875	rs6687333	NA	0	0	2
chr1	42340519	42340520	rs913426	NA	0	0	2
chr1	42941028	42941029	rs12130264	NA	0	0	2
chr1	42992786	42992787	rs12404679	NA	0	0	2
chr1	43240289	43240290	rs12135483	NA	0	0	2
chr1	43872902	43872903	rs2906457	NA	0	0	2
chr1	44299973	44299974	rs12058010	NA	0	0	2
chr1	44423836	44423837	rs1340647	primer_25_4	2	1	2
chr1	44427658	44427659	rs11210998	NA	0	0	2
chr1	44611256	44611257	rs11582764	primer_18_4	2	1	2
chr1	45567301	45567302	rs2088102	NA	0	0	2
chr1	46406313	46406314	rs324419	NA	0	0	2
chr1	47302241	47302242	rs3125630	NA	0	0	2
chr1	47488084	47488085	rs11578572	primer_23_6	2	1	2
chr1	47698949	47698950	rs4926966	NA	0	0	2
chr1	47979239	47979240	rs2065606	primer_34_0	2	1	2
chr1	48044266	48044267	rs6664402	NA	0	0	2
chr1	48509260	48509261	rs1539530	NA	0	0	2
chr1	48564203	48564204	rs2803269	NA	0	0	2
chr1	48577756	48577757	rs2803274	primer_19_0	2	1	2
chr1	48589207	48589208	rs923028	NA	0	0	2
chr1	48610765	48610766	rs320020	NA	0	0	2
chr1	48610983	48610984	rs320021	NA	0	0	2
chr1	48654847	48654848	rs973886	NA	0	0	2
chr1	52629313	52629314	rs2050695	primer_20_0	2	1	2
chr1	53349864	53349865	rs4926976	primer_11_0	2	1	2
chr1	53404793	53404794	rs4926992	NA	0	0	2
chr1	53545518	53545519	rs2986655	NA	0	0	2
chr1	53563968	53563969	rs4927007	NA	0	0	2
chr1	53756897	53756898	rs1183394	NA	0	0	2
chr1	54137303	54137304	rs12078845	NA	0	0	2
chr1	54289417	54289418	rs6697414	NA	0	0	2
chr1	54531339	54531340	rs11584093	NA	0	0	2
chr1	54547207	54547208	rs11589310	primer_37_1	2	1	2
chr1	54653470	54653471	rs11206407	NA	0	0	2
chr1	54702410	54702411	rs644955	NA	0	0	2
chr1	54739525	54739526	rs7542637	NA	0	0	2
chr1	54904500	54904501	rs12081312	NA	0	0	2
chr1	54914265	54914266	rs619895	NA	0	0	2
chr1	54918757	54918758	rs11206464	NA	0	0	2
chr1	55014537	55014538	rs2182832	NA	0	0	2
chr1	55320100	55320101	rs17111909	NA	0	0	2
chr1	55965068	55965069	rs2404389	NA	0	0	2
chr1	56291234	56291235	rs2793673	NA	0	0	2
chr1	56554842	56554843	rs11810204	NA	0	0	2
chr1	56803847	56803848	rs6662617	NA	0	0	2
chr1	56821182	56821183	rs6672416	NA	0	0	2
chr1	56853428	56853429	rs669444	NA	0	0	2
chr1	56913965	56913966	rs1754538	NA	0	0	2
chr1	57121859	57121860	rs12029757	NA	0	0	2
chr1	57337676	57337677	rs11207011	NA	0	0	2
chr1	57500855	57500856	rs1341320	NA	0	0	2
chr1	57555533	57555534	rs6687355	NA	0	0	2
chr1	57736624	57736625	rs1886139	NA	0	0	2
chr1	57870385	57870386	rs2038379	NA	0	0	2
chr1	58094437	58094438	rs4912301	NA	0	0	2
chr1	58399726	58399727	rs338919	NA	0	0	2
chr1	58840323	58840324	rs3015321	primer_42_0	2	1	2
chr1	59104722	59104723	rs3010326	NA	0	0	2
chr1	59705532	59705533	rs4619004	NA	0	0	2
chr1	59744976	59744977	rs1004772	NA	0	0	2
chr1	59990299	59990300	rs6587875	primer_35_1	2	1	2
chr1	60165210	60165211	rs922355	NA	0	0	2
chr1	60351687	60351688	rs11585396	NA	0	0	2
chr1	60841604	60841605	rs6674001	NA	0	0	2
chr1	60870856	60870857	rs10493298	NA	0	0	2
chr1	60890847	60890848	rs12122228	NA	0	0	2
chr1	60894506	60894507	rs1002005	primer_13_11	2	1	2
chr1	60910555	60910556	rs2121598	NA	0	0	2
chr1	60952056	60952057	rs1572312	NA	0	0	2
chr1	61016271	61016272	rs924273	NA	0	0	2
chr1	61287282	61287283	rs2152093	primer_10_3	2	1	2
chr1	61338216	61338217	rs7521242	NA	0	0	2
chr1	61452371	61452372	rs2499540	primer_1_0	2	1	2
chr1	61511624	61511625	rs2499516	NA	0	0	2
chr1	61538273	61538274	rs7541526	NA	0	0	2
chr1	61747149	61747150	rs12408292	NA	0	0	2
chr1	61772740	61772741	rs1892022	NA	0	0	2
chr1	61865902	61865903	rs6587948	NA	0	0	2
chr1	62128920	62128921	rs2476194	NA	0	0	2
chr1	62308797	62308798	rs7512821	NA	0	0	2
chr1	62339047	62339048	rs4915827	primer_44_0	2	1	2
chr1	62405411	62405412	rs12747317	NA	0	0	2
chr1	62957238	62957239	rs1191758	primer_26_4	2	1	2
chr1	63151894	63151895	rs17318933	NA	0	0	2
chr1	63629108	63629109	rs10489612	NA	0	0	2
chr1	63629439	63629440	rs855314	primer_33_4	2	1	2
chr1	64467504	64467505	rs2484245	NA	0	0	2
chr1	64550997	64550998	rs12408795	NA	0	0	2
chr1	64620258	64620259	rs12097652	NA	0	0	2
chr1	64809387	64809388	rs2765873	NA	0	0	2
chr1	64991139	64991140	rs12129709	NA	0	0	2
chr1	65064430	65064431	rs2201689	NA	0	0	2
chr1	65230246	65230247	rs1336472	primer_33_0	2	1	2
chr1	65762795	65762796	rs12143459	NA	0	0	2
chr1	65933951	65933952	rs2997091	NA	0	0	2
chr1	66757282	66757283	rs688630	NA	0	0	2
chr1	66779591	66779592	rs1566246	NA	0	0	2
chr1	66802958	66802959	rs2312591	NA	0	0	2
chr1	67117614	67117615	rs17129664	NA	0	0	2
chr1	67607243	67607244	rs787501	NA	0	0	2
chr1	68009957	68009958	rs4655768	NA	0	0	2
chr1	68120329	68120330	rs1367452	NA	0	0	2
chr1	68152553	68152554	rs1579514	NA	0	0	2
chr1	68168240	68168241	rs1367448	NA	0	0	2
chr1	68173296	68173297	rs1367444	NA	0	0	2
chr1	68355855	68355856	rs9436812	primer_23_0	2	1	2
chr1	68801505	68801506	rs1492062	NA	0	0	2
chr1	68824947	68824948	rs1492074	NA	0	0	2
chr1	70393713	70393714	rs4650044	NA	0	0	2
chr1	70500769	70500770	rs655938	NA	0	0	2
chr1	70516063	70516064	rs10518338	NA	0	0	2
chr1	70872713	70872714	rs1536261	NA	0	0	2
chr1	70908054	70908055	rs875727	NA	0	0	2
chr1	72529714	72529715	rs782268	NA	0	0	2
chr1	73701597	73701598	rs9425020	NA	0	0	2
chr1	73755112	73755113	rs11210343	primer_29_0	2	1	2
chr1	74491640	74491641	rs274604	NA	0	0	2
chr1	74585737	74585738	rs9661462	NA	0	0	2
chr1	74674614	74674615	rs10789400	NA	0	0	2
chr1	74709577	74709578	rs3753190	primer_34_5	2	1	2
chr1	74825388	74825389	rs277354	NA	0	0	2
chr1	75575324	75575325	rs4949673	NA	0	0	2
chr1	76509333	76509334	rs387831	NA	0	0	2
chr1	76509751	76509752	rs1436087	NA	0	0	2
chr1	76845267	76845268	rs13375961	NA	0	0	2
chr1	77082832	77082833	rs191827	NA	0	0	2
chr1	77732636	77732637	rs12030080	NA	0	0	2
chr1	78345550	78345551	rs2352038	NA	0	0	2
chr1	78757801	78757802	rs1937026	primer_7_2	2	1	2
chr1	79105931	79105932	rs12097617	NA	0	0	2
chr1	80876208	80876209	rs951507	primer_28_2	2	1	2
chr1	81002756	81002757	rs1030414	NA	0	0	2
chr1	81017259	81017260	rs12041774	NA	0	0	2
chr1	81137751	81137752	rs1146418	primer_31_2	2	1	2
chr1	81289758	81289759	rs1327609	NA	0	0	2
chr1	81544760	81544761	rs10157210	primer_22_7	2	1	2
chr1	83026226	83026227	rs1930272	NA	0	0	2
chr1	83391685	83391686	rs4907021	NA	0	0	2
chr1	84281161	84281162	rs680308	NA	0	0	2
chr1	84691137	84691138	rs2911571	primer_9_10	2	1	2
chr1	84769715	84769716	rs9659298	NA	0	0	2
chr1	85096270	85096271	rs709767	NA	0	0	2
chr1	85309502	85309503	rs233104	NA	0	0	2
chr1	86508431	86508432	rs1321686	NA	0	0	2
chr1	87214554	87214555	rs17421106	NA	0	0	2
chr1	87230414	87230415	rs12409961	NA	0	0	2
chr1	87246208	87246209	rs10747342	NA	0	0	2
chr1	87257281	87257282	rs1330864	NA	0	0	2
chr1	87370871	87370872	rs12094766	NA	0	0	2
chr1	87991904	87991905	rs2991701	NA	0	0	2
chr1	88001983	88001984	rs11801253	NA	0	0	2
chr1	88138110	88138111	rs12126965	NA	0	0	2
chr1	90135562	90135563	rs6428572	NA	0	0	2
chr1	90192492	90192493	rs4415546	NA	0	0	2
chr1	91161540	91161541	rs613176	NA	0	0	2
chr1	91646009	91646010	rs2478178	NA	0	0	2
chr1	91712380	91712381	rs1805113	NA	0	0	2
chr1	91715920	91715921	rs17131536	NA	0	0	2
chr1	91736909	91736910	rs6677523	NA	0	0	2
chr1	91775475	91775476	rs284202	NA	0	0	2
chr1	91930556	91930557	rs7549306	NA	0	0	2
chr1	92037573	92037574	rs7355067	NA	0	0	2
chr1	93057525	93057526	rs2249590	NA	0	0	2
chr1	94013227	94013228	rs4147851	NA	0	0	2
chr1	94037640	94037641	rs1889548	NA	0	0	2
chr1	94095932	94095933	rs4147822	NA	0	0	2
chr1	94831817	94831818	rs915012	NA	0	0	2
chr1	94997414	94997415	rs7533303	NA	0	0	2
chr1	95168165	95168166	rs965314	primer_28_5	2	1	2
chr1	95674463	95674464	rs1995802	primer_14_5	2	1	2
chr1	95793368	95793369	rs10783020	NA	0	0	2
chr1	97484477	97484478	rs7545712	NA	0	0	2
chr1	97561244	97561245	rs2811219	NA	0	0	2
chr1	98223835	98223836	rs12724493	NA	0	0	2
chr1	98924687	98924688	rs1854510	primer_25_2	2	1	2
chr1	99142738	99142739	rs12075686	NA	0	0	2
chr1	100642191	100642192	rs2484535	NA	0	0	2
chr1	100950150	100950151	rs6577219	NA	0	0	2
chr1	101544210	101544211	rs961566	NA	0	0	2
chr1	101830722	101830723	rs10493973	NA	0	0	2
chr1	102031019	102031020	rs4908211	NA	0	0	2
chr1	103295906	103295907	rs17127731	NA	0	0	2
chr1	104342546	104342547	rs6701091	NA	0	0	2
chr1	106034532	106034533	rs480255	NA	0	0	2
chr1	106249335	106249336	rs7543568	NA	0	0	2
chr1	106432425	106432426	rs4915125	NA	0	0	2
chr1	107340420	107340421	rs12066815	NA	0	0	2
chr1	107387742	107387743	rs6681988	NA	0	0	2
chr1	107388537	107388538	rs746603	NA	0	0	2
chr1	107531682	107531683	rs525007	primer_8_10	2	1	2
chr1	107702992	107702993	rs2494067	NA	0	0	2
chr1	107753885	107753886	rs4531312	NA	0	0	2
chr1	107809189	107809190	rs17020088	NA	0	0	2
chr1	108816879	108816880	rs1277213	primer_23_1	2	1	2
chr1	109142650	109142651	rs587727	NA	0	0	2
chr1	109278296	109278297	rs17035949	NA	0	0	2
chr1	109764817	109764818	rs943640	NA	0	0	2
chr1	109790193	109790194	rs7524737	primer_10_4	2	1	2
chr1	110110257	110110258	rs514341	NA	0	0	2
chr1	110158448	110158449	rs4838931	NA	0	0	2
chr1	110456231	110456232	rs7514102	NA	0	0	2
chr1	110574129	110574130	rs1416812	NA	0	0	2
chr1	110878804	110878805	rs10857833	NA	0	0	2
chr1	110917224	110917225	rs1282023	NA	0	0	2
chr1	111003908	111003909	rs1149185	NA	0	0	2
chr1	111080116	111080117	rs1282129	NA	0	0	2
chr1	111499526	111499527	rs3393	NA	0	0	2
chr1	111814478	111814479	rs1767282	primer_26_3	2	1	2
chr1	111937953	111937954	rs9429425	NA	0	0	2
chr1	112298378	112298379	rs17029987	NA	0	0	2
chr1	112330252	112330253	rs2995774	NA	0	0	2
chr1	112369220	112369221	rs2488778	NA	0	0	2
chr1	113121817	113121818	rs1216796	NA	0	0	2
chr1	114095954	114095955	rs1683253	NA	0	0	2
chr1	114200063	114200064	rs401666	NA	0	0	2
chr1	114264936	114264937	rs11589933	NA	0	0	2
chr1	115112244	115112245	rs1286201	NA	0	0	2
chr1	115295297	115295298	rs2856813	NA	0	0	2
chr1	115337510	115337511	rs17540656	NA	0	0	2
chr1	115458058	115458059	rs2334915	NA	0	0	2
chr1	115697590	115697591	rs3811006	NA	0	0	2
chr1	116025410	116025411	rs17035127	primer_38_2	2	1	2
chr1	116265554	116265555	rs4839061	NA	0	0	2
chr1	116490160	116490161	rs4839073	NA	0	0	2
chr1	117051841	117051842	rs10801929	NA	0	0	2
chr1	117059454	117059455	rs1555794	NA	0	0	2
chr1	117095011	117095012	rs1289667	NA	0	0	2
chr1	117178922	117178923	rs4659167	NA	0	0	2
chr1	117203588	117203589	rs10801937	NA	0	0	2
chr1	117576911	117576912	rs4261104	primer_24_8	2	1	2
chr1	119351304	119351305	rs838534	NA	0	0	2
chr1	119374629	119374630	rs3765953	NA	0	0	2
chr1	119802276	119802277	rs2282403	NA	0	0	2
chr1	147063849	147063850	rs647596	NA	0	0	2
chr1	147525420	147525421	rs12022413	primer_13_6	2	1	2
chr1	147552119	147552120	rs10494251	NA	0	0	2
chr1	150558531	150558532	rs10888382	primer_21_5	2	1	2
chr1	151375269	151375270	rs1752380	NA	0	0	2
chr1	151818381	151818382	rs7540530	NA	0	0	2
chr1	152751576	152751577	rs1332506	NA	0	0	2
chr1	152823972	152823973	rs7517755	NA	0	0	2
chr1	154443300	154443301	rs4845623	NA	0	0	2
chr1	154732118	154732119	rs925042	primer_30_4	2	1	2
chr1	154734143	154734144	rs6426905	NA	0	0	2
chr1	155087374	155087375	rs2306124	primer_30_6	2	1	2
chr1	156437060	156437061	rs4414033	primer_23_5	2	1	2
chr1	156689975	156689976	rs7532302	primer_5_0	2	1	2
chr1	156693485	156693486	rs4402117	NA	0	0	2
chr1	156876440	156876441	rs6334	NA	0	0	2
chr1	157181732	157181733	rs6675916	NA	0	0	2
chr1	157472326	157472327	rs11264737	NA	0	0	2
chr1	157568821	157568822	rs11264764	NA	0	0	2
chr1	158012788	158012789	rs1925034	NA	0	0	2
chr1	158103463	158103464	rs12088518	NA	0	0	2
chr1	158360451	158360452	rs12742463	NA	0	0	2
chr1	158654988	158654989	rs2276401	NA	0	0	2
chr1	159042447	159042448	rs2814771	NA	0	0	2
chr1	159134197	159134198	rs863027	NA	0	0	2
chr1	159351884	159351885	rs4443888	primer_14_3	2	1	2
chr1	159709845	159709846	rs3093077	primer_22_6	2	1	2
chr1	159743765	159743766	rs11265265	NA	0	0	2
chr1	159758336	159758337	rs11265269	NA	0	0	2
chr1	159779397	159779398	rs3820099	NA	0	0	2
chr1	159875028	159875029	rs7521729	NA	0	0	2
chr1	160004949	160004950	rs11809878	NA	0	0	2
chr1	160438772	160438773	rs4656258	NA	0	0	2
chr1	160830689	160830690	rs485618	primer_43_2	2	1	2
chr1	161234747	161234748	rs2501873	NA	0	0	2
chr1	161759958	161759959	rs1417580	NA	0	0	2
chr1	161971428	161971429	rs2490431	NA	0	0	2
chr1	161997496	161997497	rs6691548	primer_40_1	2	1	2
chr1	162004185	162004186	rs2490424	NA	0	0	2
chr1	162334485	162334486	rs347313	NA	0	0	2
chr1	162339488	162339489	rs423125	primer_2_0	2	1	2
chr1	162354654	162354655	rs449908	NA	0	0	2
chr1	162486529	162486530	rs464649	NA	0	0	2
chr1	162621516	162621517	rs17431968	NA	0	0	2
chr1	162852749	162852750	rs12134171	primer_34_2	2	1	2
chr1	163063720	163063721	rs951437	NA	0	0	2
chr1	163464959	163464960	rs3001080	NA	0	0	2
chr1	163568446	163568447	rs6700901	NA	0	0	2
chr1	163657977	163657978	rs10494395	NA	0	0	2
chr1	163868273	163868274	rs811435	NA	0	0	2
chr1	164485232	164485233	rs3945008	primer_13_9	2	1	2
chr1	164519219	164519220	rs1338626	NA	0	0	2
chr1	164680042	164680043	rs6426879	NA	0	0	2
chr1	164750823	164750824	rs10918063	NA	0	0	2
chr1	165077358	165077359	rs6663388	primer_25_3	2	1	2
chr1	165217252	165217253	rs10737508	NA	0	0	2
chr1	165295618	165295619	rs6662349	NA	0	0	2
chr1	165412606	165412607	rs10489745	NA	0	0	2
chr1	165620297	165620298	rs1337444	NA	0	0	2
chr1	165891575	165891576	rs3762365	NA	0	0	2
chr1	165934724	165934725	rs2349106	primer_8_7	2	1	2
chr1	166072230	166072231	rs4642869	NA	0	0	2
chr1	166358742	166358743	rs17460402	primer_10_2	2	1	2
chr1	166400413	166400414	rs4657543	NA	0	0	2
chr1	166430337	166430338	rs6427004	NA	0	0	2
chr1	166490192	166490193	rs10918488	NA	0	0	2
chr1	166569763	166569764	rs7516525	NA	0	0	2
chr1	167191721	167191722	rs11580495	NA	0	0	2
chr1	167494678	167494679	rs704852	NA	0	0	2
chr1	167499626	167499627	rs704853	primer_5_1	2	1	2
chr1	167531577	167531578	rs704859	NA	0	0	2
chr1	167565032	167565033	rs4657670	NA	0	0	2
chr1	167652881	167652882	rs12067995	NA	0	0	2
chr1	167843120	167843121	rs204264	primer_15_8	2	1	2
chr1	168379932	168379933	rs2268550	NA	0	0	2
chr1	168503682	168503683	rs7536740	NA	0	0	2
chr1	168847006	168847007	rs2143091	NA	0	0	2
chr1	168882804	168882805	rs1570334	NA	0	0	2
chr1	168953343	168953344	rs12048750	NA	0	0	2
chr1	169080642	169080643	rs1200100	NA	0	0	2
chr1	169101093	169101094	rs2051145	NA	0	0	2
chr1	169553315	169553316	rs12120605	NA	0	0	2
chr1	169554298	169554299	rs6427199	NA	0	0	2
chr1	169682542	169682543	rs12049148	NA	0	0	2
chr1	170567568	170567569	rs12563881	primer_30_5	2	1	2
chr1	170585782	170585783	rs7535322	primer_28_3	2	1	2
chr1	171065655	171065656	rs16863955	NA	0	0	2
chr1	171388110	171388111	rs12738952	primer_15_6	2	1	2
chr1	171420335	171420336	rs7519763	NA	0	0	2
chr1	171463969	171463970	rs12741782	primer_19_3	2	1	2
chr1	172698826	172698827	rs2071929	primer_32_0	2	1	2
chr1	173399531	173399532	rs1578624	NA	0	0	2
chr1	174547227	174547228	rs10912807	NA	0	0	2
chr1	175406665	175406666	rs859398	NA	0	0	2
chr1	175478659	175478660	rs859415	NA	0	0	2
chr1	175653291	175653292	rs12089079	NA	0	0	2
chr1	175689262	175689263	rs10913056	primer_12_7	2	1	2
chr1	175769866	175769867	rs640692	NA	0	0	2
chr1	176677246	176677247	rs10798473	NA	0	0	2
chr1	177162930	177162931	rs12021769	primer_12_2	2	1	2
chr1	177414899	177414900	rs9662701	NA	0	0	2
chr1	177787368	177787369	rs1923626	NA	0	0	2
chr1	177946338	177946339	rs842192	NA	0	0	2
chr1	177962372	177962373	rs12747656	NA	0	0	2
chr1	178039337	178039338	rs10753177	primer_36_1	2	1	2
chr1	179641885	179641886	rs11806102	NA	0	0	2
chr1	179790662	179790663	rs6683781	NA	0	0	2
chr1	179891943	179891944	rs502036	primer_3_0	2	1	2
chr1	180962371	180962372	rs3737062	NA	0	0	2
chr1	181058788	181058789	rs2282348	NA	0	0	2
chr1	181150698	181150699	rs6425668	NA	0	0	2
chr1	181165737	181165738	rs3856080	NA	0	0	2
chr1	181847373	181847374	rs695072	NA	0	0	2
chr1	181934372	181934373	rs12135968	NA	0	0	2
chr1	182542113	182542114	rs12038056	NA	0	0	2
chr1	182775069	182775070	rs7540658	NA	0	0	2
chr1	182988743	182988744	rs6694038	NA	0	0	2
chr1	183140035	183140036	rs1058177	NA	0	0	2
chr1	183446182	183446183	rs4047801	NA	0	0	2
chr1	183534528	183534529	rs3842897	NA	0	0	2
chr1	183795924	183795925	rs2500097	primer_2_2	2	1	2
chr1	183819435	183819436	rs10494568	NA	0	0	2
chr1	183961614	183961615	rs2182625	primer_24_3	2	1	2
chr1	184021611	184021612	rs10911494	NA	0	0	2
chr1	185373429	185373430	rs16823952	NA	0	0	2
chr1	185571485	185571486	rs11583193	NA	0	0	2
chr1	186081284	186081285	rs10798035	NA	0	0	2
chr1	186839210	186839211	rs3820185	primer_9_5	2	1	2
chr1	187064456	187064457	rs1474864	NA	0	0	2
chr1	187278017	187278018	rs2453727	NA	0	0	2
chr1	187340471	187340472	rs10798106	NA	0	0	2
chr1	187555147	187555148	rs1339082	NA	0	0	2
chr1	187925059	187925060	rs11802712	NA	0	0	2
chr1	188742320	188742321	rs10754136	NA	0	0	2
chr1	188801457	188801458	rs4255388	NA	0	0	2
chr1	189201086	189201087	rs1342561	NA	0	0	2
chr1	189789641	189789642	rs11578153	NA	0	0	2
chr1	191428385	191428386	rs6700152	NA	0	0	2
chr1	191461092	191461093	rs11800005	NA	0	0	2
chr1	192582493	192582494	rs2984921	NA	0	0	2
chr1	193041492	193041493	rs6661522	NA	0	0	2
chr1	193601203	193601204	rs17304238	NA	0	0	2
chr1	193804952	193804953	rs10801256	NA	0	0	2
chr1	193960846	193960847	rs642668	primer_13_4	2	1	2
chr1	195073246	195073247	rs10494719	NA	0	0	2
chr1	196183997	196183998	rs1408868	NA	0	0	2
chr1	197341616	197341617	rs3790370	NA	0	0	2
chr1	197842435	197842436	rs10922298	primer_27_6	2	1	2
chr1	198452277	198452278	rs2813164	NA	0	0	2
chr1	199128148	199128149	rs427790	NA	0	0	2
chr1	199260499	199260500	rs1359451	NA	0	0	2
chr1	199511757	199511758	rs17637275	NA	0	0	2
chr1	199624713	199624714	rs12725952	NA	0	0	2
chr1	200487295	200487296	rs10919946	NA	0	0	2
chr1	200496875	200496876	rs6427832	NA	0	0	2
chr1	200735625	200735626	rs10494819	NA	0	0	2
chr1	201102755	201102756	rs10920115	NA	0	0	2
chr1	201105164	201105165	rs12022389	NA	0	0	2
chr1	201173425	201173426	rs10920138	NA	0	0	2
chr1	201200425	201200426	rs2365299	NA	0	0	2
chr1	201496928	201496929	rs10800784	NA	0	0	2
chr1	201526439	201526440	rs11586342	NA	0	0	2
chr1	201555342	201555343	rs556903	NA	0	0	2
chr1	201568356	201568357	rs4915236	primer_13_5	2	1	2
chr1	201592491	201592492	rs545372	primer_30_3	2	1	2
chr1	201773627	201773628	rs633367	primer_12_11	2	1	2
chr1	201821697	201821698	rs1032524	primer_11_4	2	1	2
chr1	201969866	201969867	rs7513	NA	0	0	2
chr1	202048271	202048272	rs6656470	NA	0	0	2
chr1	202056161	202056162	rs6427933	NA	0	0	2
chr1	202076101	202076102	rs10158382	primer_6_6	2	1	2
chr1	202159983	202159984	rs4359077	NA	0	0	2
chr1	202705068	202705069	rs4072661	NA	0	0	2
chr1	202708662	202708663	rs3923371	primer_17_8	2	1	2
chr1	202841433	202841434	rs4950949	NA	0	0	2
chr1	203176172	203176173	rs762625	NA	0	0	2
chr1	203204227	203204228	rs2486949	NA	0	0	2
chr1	203367679	203367680	rs10800919	NA	0	0	2
chr1	203380523	203380524	rs6428006	NA	0	0	2
chr1	203675499	203675500	rs4951357	primer_43_1	2	1	2
chr1	204013204	204013205	rs2796433	NA	0	0	2
chr1	204093863	204093864	rs6593993	NA	0	0	2
chr1	204143277	204143278	rs4951309	NA	0	0	2
chr1	204390204	204390205	rs11240735	NA	0	0	2
chr1	204400746	204400747	rs2942133	primer_17_7	2	1	2
chr1	204663352	204663353	rs2815829	primer_29_4	2	1	2
chr1	205006606	205006607	rs2802841	primer_35_5	2	1	2
chr1	205349192	205349193	rs10751435	NA	0	0	2
chr1	205349854	205349855	rs913722	NA	0	0	2
chr1	205435749	205435750	rs10900490	primer_8_2	2	1	2
chr1	205449005	205449006	rs1999131	primer_16_3	2	1	2
chr1	205454764	205454765	rs10900493	NA	0	0	2
chr1	205641645	205641646	rs6661827	NA	0	0	2
chr1	205928279	205928280	rs12143020	NA	0	0	2
chr1	206110071	206110072	rs33985287	NA	0	0	2
chr1	207083957	207083958	rs2842754	NA	0	0	2
chr1	207863630	207863631	rs2796247	NA	0	0	2
chr1	208020386	208020387	rs1152832	NA	0	0	2
chr1	208209663	208209664	rs1318276	NA	0	0	2
chr1	208317549	208317550	rs2897064	primer_39_4	2	1	2
chr1	208388007	208388008	rs2163039	NA	0	0	2
chr1	208460656	208460657	rs696958	primer_27_0	2	1	2
chr1	208546502	208546503	rs7548249	NA	0	0	2
chr1	208686947	208686948	rs10863723	NA	0	0	2
chr1	208882506	208882507	rs4844730	NA	0	0	2
chr1	208915168	208915169	rs7368359	NA	0	0	2
chr1	209021902	209021903	rs6670957	NA	0	0	2
chr1	209082468	209082469	rs1183044	NA	0	0	2
chr1	209458858	209458859	rs7526722	primer_9_2	2	1	2
chr1	209555244	209555245	rs10746420	NA	0	0	2
chr1	209566557	209566558	rs7525534	primer_43_0	2	1	2
chr1	209631153	209631154	rs2236891	NA	0	0	2
chr1	210440271	210440272	rs3765851	NA	0	0	2
chr1	210526308	210526309	rs12121296	NA	0	0	2
chr1	210557891	210557892	rs11807403	NA	0	0	2
chr1	210607171	210607172	rs4245753	NA	0	0	2
chr1	210711356	210711357	rs9430044	NA	0	0	2
chr1	210733896	210733897	rs1890844	NA	0	0	2
chr1	211089910	211089911	rs9970961	NA	0	0	2
chr1	211553632	211553633	rs9430069	NA	0	0	2
chr1	211641944	211641945	rs1373293	NA	0	0	2
chr1	211654378	211654379	rs3795833	NA	0	0	2
chr1	211773032	211773033	rs4951426	NA	0	0	2
chr1	212125461	212125462	rs12087287	NA	0	0	2
chr1	212177632	212177633	rs6703980	NA	0	0	2
chr1	212900023	212900024	rs1284851	NA	0	0	2
chr1	212982223	212982224	rs11120070	NA	0	0	2
chr1	213325888	213325889	rs1699185	primer_35_7	2	1	2
chr1	213348089	213348090	rs10864043	NA	0	0	2
chr1	213605852	213605853	rs11120170	NA	0	0	2
chr1	213759477	213759478	rs12041173	NA	0	0	2
chr1	213859707	213859708	rs2359937	NA	0	0	2
chr1	214302667	214302668	rs6540817	primer_39_2	2	1	2
chr1	214367992	214367993	rs11120305	NA	0	0	2
chr1	214385314	214385315	rs3013445	NA	0	0	2
chr1	214395763	214395764	rs4129186	NA	0	0	2
chr1	214403757	214403758	rs12129366	primer_14_2	2	1	2
chr1	214420847	214420848	rs11120316	NA	0	0	2
chr1	214449474	214449475	rs4394613	NA	0	0	2
chr1	214684618	214684619	rs441318	NA	0	0	2
chr1	214735751	214735752	rs6687999	NA	0	0	2
chr1	214857807	214857808	rs1415181	NA	0	0	2
chr1	215794514	215794515	rs17025432	primer_32_5	2	1	2
chr1	215799452	215799453	rs4363405	NA	0	0	2
chr1	216042398	216042399	rs11120726	NA	0	0	2
chr1	216119223	216119224	rs301734	NA	0	0	2
chr1	216460048	216460049	rs4846466	NA	0	0	2
chr1	216460292	216460293	rs6687745	NA	0	0	2
chr1	216739918	216739919	rs2813703	NA	0	0	2
chr1	216766442	216766443	rs11572636	primer_31_6	2	1	2
chr1	216852799	216852800	rs11117706	NA	0	0	2
chr1	217975334	217975335	rs4846453	NA	0	0	2
chr1	218515812	218515813	rs3009947	primer_21_0	2	1	2
chr1	218575615	218575616	rs1932971	NA	0	0	2
chr1	218613206	218613207	rs2965012	NA	0	0	2
chr1	218912241	218912242	rs12039986	NA	0	0	2
chr1	218922039	218922040	rs12732806	NA	0	0	2
chr1	220352650	220352651	rs10863546	NA	0	0	2
chr1	220371230	220371231	rs12041182	primer_18_7	2	1	2
chr1	220937523	220937524	rs11806418	NA	0	0	2
chr1	221725440	221725441	rs12091463	NA	0	0	2
chr1	221784846	221784847	rs4240927	NA	0	0	2
chr1	221806419	221806420	rs3934724	NA	0	0	2
chr1	222030082	222030083	rs11590870	NA	0	0	2
chr1	222606605	222606606	rs3008598	NA	0	0	2
chr1	223133088	223133089	rs851178	NA	0	0	2
chr1	223176587	223176588	rs851170	NA	0	0	2
chr1	223483194	223483195	rs10495209	NA	0	0	2
chr1	225682527	225682528	rs7553931	NA	0	0	2
chr1	225771154	225771155	rs6685014	primer_8_5	2	1	2
chr1	225813264	225813265	rs1467143	primer_39_1	2	1	2
chr1	226488597	226488598	rs11588657	NA	0	0	2
chr1	226505840	226505841	rs7524430	NA	0	0	2
chr1	226768479	226768480	rs12729579	NA	0	0	2
chr1	227857806	227857807	rs2872243	NA	0	0	2
chr1	227885107	227885108	rs4074668	NA	0	0	2
chr1	227898629	227898630	rs1573059	primer_12_1	2	1	2
chr1	228683209	228683210	rs10916354	NA	0	0	2
chr1	228804122	228804123	rs10799489	NA	0	0	2
chr1	228883400	228883401	rs11585386	NA	0	0	2
chr1	228916384	228916385	rs2000163	NA	0	0	2
chr1	228971531	228971532	rs7513940	NA	0	0	2
chr1	229019417	229019418	rs551755	NA	0	0	2
chr1	229037604	229037605	rs1870362	NA	0	0	2
chr1	229252923	229252924	rs9435869	NA	0	0	2
chr1	229524043	229524044	rs10916508	NA	0	0	2
chr1	229545258	229545259	rs927204	NA	0	0	2
chr1	229838600	229838601	rs687266	NA	0	0	2
chr1	230051096	230051097	rs7515331	NA	0	0	2
chr1	230075650	230075651	rs6673349	NA	0	0	2
chr1	230128314	230128315	rs7538126	NA	0	0	2
chr1	230175225	230175226	rs1124110	primer_17_10	2	1	2
chr1	230287734	230287735	rs11122478	NA	0	0	2
chr1	230361061	230361062	rs1108707	NA	0	0	2
chr1	230741653	230741654	rs1317764	primer_20_4	2	1	2
chr1	230761716	230761717	rs3790955	primer_15_0	2	1	2
chr1	231227253	231227254	rs16854012	NA	0	0	2
chr1	231509878	231509879	rs1765780	NA	0	0	2
chr1	231937381	231937382	rs701158	primer_31_3	2	1	2
chr1	232257670	232257671	rs4596830	NA	0	0	2
chr1	232279346	232279347	rs11803212	NA	0	0	2
chr1	232546374	232546375	rs789645	primer_7_0	2	1	2
chr1	232625369	232625370	rs1970168	NA	0	0	2
chr1	232668360	232668361	rs1986615	NA	0	0	2
chr1	233575485	233575486	rs904068	NA	0	0	2
chr1	233655722	233655723	rs701232	NA	0	0	2
chr1	233688178	233688179	rs595191	NA	0	0	2
chr1	233945125	233945126	rs4506523	NA	0	0	2
chr1	234133422	234133423	rs12129782	NA	0	0	2
chr1	234646702	234646703	rs12058613	NA	0	0	2
chr1	234742967	234742968	rs2587536	NA	0	0	2
chr1	234760711	234760712	rs17589414	NA	0	0	2
chr1	234875977	234875978	rs10910522	NA	0	0	2
chr1	235079949	235079950	rs11580121	NA	0	0	2
chr1	235601196	235601197	rs4659946	NA	0	0	2
chr1	235651206	235651207	rs10159416	NA	0	0	2
chr1	235686638	235686639	rs7545788	NA	0	0	2
chr1	236133649	236133650	rs12566852	NA	0	0	2
chr1	236691887	236691888	rs17648708	NA	0	0	2
chr1	236785241	236785242	rs7556238	NA	0	0	2
chr1	236955103	236955104	rs12125972	NA	0	0	2
chr1	237010734	237010735	rs10925289	NA	0	0	2
chr1	237150421	237150422	rs1409052	NA	0	0	2
chr1	237249991	237249992	rs888438	NA	0	0	2
chr1	237830999	237831000	rs6429040	NA	0	0	2
chr1	238555730	238555731	rs789375	NA	0	0	2
chr1	238736602	238736603	rs10925747	NA	0	0	2
chr1	239108477	239108478	rs4659902	NA	0	0	2
chr1	239309812	239309813	rs10495435	NA	0	0	2
chr1	239606644	239606645	rs12119540	NA	0	0	2
chr1	239763708	239763709	rs17657156	NA	0	0	2
chr1	239810705	239810706	rs6690809	NA	0	0	2
chr1	239913307	239913308	rs10495449	primer_26_1	2	1	2
chr1	239954336	239954337	rs10926029	NA	0	0	2
chr1	240085781	240085782	rs4443876	NA	0	0	2
chr1	240244082	240244083	rs6429195	NA	0	0	2
chr1	240449685	240449686	rs11590081	NA	0	0	2
chr1	240462898	240462899	rs10495470	NA	0	0	2
chr1	240479866	240479867	rs11578184	NA	0	0	2
chr1	240497189	240497190	rs9428478	NA	0	0	2
chr1	240503701	240503702	rs10465630	NA	0	0	2
chr1	240511898	240511899	rs7540147	NA	0	0	2
chr1	240610365	240610366	rs11578889	NA	0	0	2
chr1	240634788	240634789	rs6429215	NA	0	0	2
chr1	240889821	240889822	rs187783	NA	0	0	2
chr1	241022755	241022756	rs523361	NA	0	0	2
chr1	241508337	241508338	rs11802956	NA	0	0	2
chr1	241548400	241548401	rs11808201	NA	0	0	2
chr1	241609118	241609119	rs613032	NA	0	0	2
chr1	241688442	241688443	rs12133073	NA	0	0	2
chr1	241876826	241876827	rs2526697	NA	0	0	2
chr1	241924341	241924342	rs4658565	NA	0	0	2
chr1	241926492	241926493	rs7516206	NA	0	0	2
chr1	242185299	242185300	rs316835	primer_10_1	2	1	2
chr1	242431565	242431566	rs2796077	NA	0	0	2
chr1	242527079	242527080	rs2810011	NA	0	0	2
chr1	242648291	242648292	rs2184185	primer_17_11	2	1	2
chr1	242710292	242710293	rs10926828	NA	0	0	2
chr1	242821863	242821864	rs2998678	NA	0	0	2
chr1	244024297	244024298	rs1000543	NA	0	0	2
chr1	244097172	244097173	rs4658613	NA	0	0	2
chr1	244156037	244156038	rs10803181	primer_19_7	2	1	2
chr1	244296480	244296481	rs678004	NA	0	0	2
chr1	244811283	244811284	rs12088062	NA	0	0	2
chr1	244834650	244834651	rs10927330	NA	0	0	2
chr1	245125190	245125191	rs6672147	primer_22_8	2	1	2
chr1	245164782	245164783	rs12039117	NA	0	0	2
chr1	245427893	245427894	rs1173851	NA	0	0	2
chr1	245445516	245445517	rs1093937	NA	0	0	2
chr1	245615681	245615682	rs1771522	NA	0	0	2
chr1	245654196	245654197	rs4658792	primer_24_2	2	1	2
chr1	246004714	246004715	rs4654186	NA	0	0	2
chr1	246533293	246533294	rs10924772	NA	0	0	2
chr1	246655331	246655332	rs3124089	NA	0	0	2
chr1	247387028	247387029	rs7542425	NA	0	0	2
chr1	247618266	247618267	rs1144815	primer_6_0	2	1	2
chr1	247619297	247619298	rs11587369	NA	0	0	2
chr2	623469	623470	rs11688330	NA	0	0	2
chr2	782576	782577	rs10183412	NA	0	0	2
chr2	1005373	1005374	rs7598261	NA	0	0	2
chr2	1120961	1120962	rs4971463	NA	0	0	2
chr2	1374287	1374288	rs4927602	NA	0	0	2
chr2	1411186	1411187	rs2298873	NA	0	0	2
chr2	1521785	1521786	rs4927594	NA	0	0	2
chr2	2232508	2232509	rs4853946	primer_31_5	2	1	2
chr2	2233026	2233027	rs17247253	primer_39_0	2	1	2
chr2	2529430	2529431	rs4853800	primer_18_6	2	1	2
chr2	2663193	2663194	rs10202240	NA	0	0	2
chr2	2684138	2684139	rs1470738	NA	0	0	2
chr2	2697892	2697893	rs1993081	NA	0	0	2
chr2	2737673	2737674	rs1451197	primer_33_1	2	1	2
chr2	2941682	2941683	rs1667060	primer_45_0	2	1	2
chr2	2961628	2961629	rs1729903	NA	0	0	2
chr2	3008517	3008518	rs2031028	NA	0	0	2
chr2	3125150	3125151	rs1078821	primer_15_1	2	1	2
chr2	3476791	3476792	rs7592700	NA	0	0	2
chr2	3538938	3538939	rs10197283	NA	0	0	2
chr2	3737954	3737955	rs7563964	NA	0	0	2
chr2	3789712	3789713	rs11886534	NA	0	0	2
chr2	3815526	3815527	rs11903032	NA	0	0	2
chr2	3834586	3834587	rs2034730	primer_18_5	2	1	2
chr2	3947048	3947049	rs4850016	NA	0	0	2
chr2	4126137	4126138	rs1437701	NA	0	0	2
chr2	4151150	4151151	rs1983365	NA	0	0	2
chr2	4408464	4408465	rs2602629	NA	0	0	2
chr2	4882739	4882740	rs6542644	primer_10_6	2	1	2
chr2	4938165	4938166	rs6422704	NA	0	0	2
chr2	5355829	5355830	rs11677035	NA	0	0	2
chr2	5454635	5454636	rs792071	NA	0	0	2
chr2	5851836	5851837	rs2163025	NA	0	0	2
chr2	5852384	5852385	rs11694877	NA	0	0	2
chr2	5905411	5905412	rs7559948	NA	0	0	2
chr2	5938287	5938288	rs4349325	primer_18_9	2	1	2
chr2	6196662	6196663	rs7424127	primer_23_3	2	1	2
chr2	6240815	6240816	rs10519722	NA	0	0	2
chr2	6352305	6352306	rs6712182	NA	0	0	2
chr2	6435530	6435531	rs10190662	primer_19_2	2	1	2
chr2	6789186	6789187	rs4669100	NA	0	0	2
chr2	6795107	6795108	rs905968	NA	0	0	2
chr2	6810898	6810899	rs1077583	NA	0	0	2
chr2	6968080	6968081	rs4669122	NA	0	0	2
chr2	7203027	7203028	rs7562418	NA	0	0	2
chr2	7438971	7438972	rs732078	primer_29_5	2	1	2
chr2	7516308	7516309	rs6431885	primer_44_1	2	1	2
chr2	7672584	7672585	rs11682611	NA	0	0	2
chr2	7905055	7905056	rs1861506	NA	0	0	2
chr2	7958490	7958491	rs40996	NA	0	0	2
chr2	8170863	8170864	rs1981456	NA	0	0	2
chr2	8271937	8271938	rs11674752	NA	0	0	2
chr2	8401999	8402000	rs4669265	primer_12_4	2	1	2
chr2	8415953	8415954	rs409169	NA	0	0	2
chr2	8533796	8533797	rs1532791	NA	0	0	2
chr2	8584171	8584172	rs168293	NA	0	0	2
chr2	8630433	8630434	rs4669318	NA	0	0	2
chr2	8635971	8635972	rs3927971	NA	0	0	2
chr2	8800023	8800024	rs17722392	primer_4_1	2	1	2
chr2	9168018	9168019	rs907165	primer_9_1	2	1	2
chr2	9766015	9766016	rs10200632	primer_13_8	2	1	2
chr2	9768771	9768772	rs4669453	NA	0	0	2
chr2	9772699	9772700	rs871820	NA	0	0	2
chr2	9812069	9812070	rs7559852	NA	0	0	2
chr2	9958097	9958098	rs6708858	NA	0	0	2
chr2	10005219	10005220	rs1469541	NA	0	0	2
chr2	10069865	10069866	rs4233874	primer_39_3	2	1	2
chr2	10089783	10089784	rs11680378	primer_26_2	2	1	2
chr2	10124581	10124582	rs6741290	NA	0	0	2
chr2	10240082	10240083	rs759341	NA	0	0	2
chr2	10282215	10282216	rs4669564	primer_38_4	2	1	2
chr2	10362606	10362607	rs11677361	NA	0	0	2
chr2	10423786	10423787	rs1974676	NA	0	0	2
chr2	10477898	10477899	rs2430424	primer_24_0	2	1	2
chr2	10845237	10845238	rs1734389	NA	0	0	2
chr2	10846775	10846776	rs1734395	NA	0	0	2
chr2	10860795	10860796	rs1734464	NA	0	0	2
chr2	10864676	10864677	rs1997523	NA	0	0	2
chr2	11060220	11060221	rs7564899	NA	0	0	2
chr2	11083835	11083836	rs13019468	NA	0	0	2
chr2	11616133	11616134	rs7584842	primer_15_2	2	1	2
chr2	11667089	11667090	rs12612207	NA	0	0	2
chr2	11984035	11984036	rs2581053	NA	0	0	2
chr2	11988923	11988924	rs1530145	NA	0	0	2
chr2	12067250	12067251	rs10495589	NA	0	0	2
chr2	12151529	12151530	rs1971516	NA	0	0	2
chr2	12232285	12232286	rs10197467	NA	0	0	2
chr2	12247178	12247179	rs12992291	NA	0	0	2
chr2	12391070	12391071	rs7563729	NA	0	0	2
chr2	12428776	12428777	rs16858854	primer_34_3	2	1	2
chr2	12485364	12485365	rs4377309	NA	0	0	2
chr2	12580184	12580185	rs6432315	NA	0	0	2
chr2	12665036	12665037	rs10514648	NA	0	0	2
chr2	12700448	12700449	rs659599	primer_29_6	2	1	2
chr2	12809997	12809998	rs1469217	NA	0	0	2
chr2	12992851	12992852	rs2380457	NA	0	0	2
chr2	13826045	13826046	rs7583428	NA	0	0	2
chr2	13913184	13913185	rs4603735	NA	0	0	2
chr2	13932434	13932435	rs4669964	NA	0	0	2
chr2	14092926	14092927	rs360468	NA	0	0	2
chr2	14260349	14260350	rs12476448	NA	0	0	2
chr2	14605021	14605022	rs2015245	NA	0	0	2
chr2	15019495	15019496	rs13427628	NA	0	0	2
chr2	15109097	15109098	rs6716200	NA	0	0	2
chr2	15769475	15769476	rs6706165	NA	0	0	2
chr2	15805501	15805502	rs2380680	NA	0	0	2
chr2	15874231	15874232	rs2380708	NA	0	0	2
chr2	15972705	15972706	rs6716344	NA	0	0	2
chr2	16009657	16009658	rs1365966	NA	0	0	2
chr2	16036771	16036772	rs10194143	NA	0	0	2
chr2	16197703	16197704	rs1567965	primer_29_3	2	1	2
chr2	16209430	16209431	rs340724	NA	0	0	2
chr2	16278267	16278268	rs2333979	NA	0	0	2
chr2	16898169	16898170	rs12615806	NA	0	0	2
chr2	17044637	17044638	rs1515968	NA	0	0	2
chr2	17828051	17828052	rs6531056	NA	0	0	2
chr2	17918651	17918652	rs1870822	NA	0	0	2
chr2	18490528	18490529	rs4381790	NA	0	0	2
chr2	18530483	18530484	rs2272519	primer_29_1	2	1	2
chr2	18819407	18819408	rs4240223	NA	0	0	2
chr2	19103093	19103094	rs4233762	NA	0	0	2
chr2	19154979	19154980	rs12105891	NA	0	0	2
chr2	19352627	19352628	rs851066	NA	0	0	2
chr2	19540214	19540215	rs1427547	NA	0	0	2
chr2	19573382	19573383	rs17686199	NA	0	0	2
chr2	19854630	19854631	rs10184780	NA	0	0	2
chr2	20151021	20151022	rs10495703	primer_23_2	2	1	2
chr2	20391361	20391362	rs1032075	primer_21_4	2	1	2
chr2	20566202	20566203	rs13006062	NA	0	0	2
chr2	20663525	20663526	rs1013363	primer_42_1	2	1	2
chr2	20676625	20676626	rs746776	primer_28_0	2	1	2
chr2	20739947	20739948	rs653347	NA	0	0	2
chr2	20847534	20847535	rs6709100	primer_34_4	2	1	2
chr2	20886932	20886933	rs1002755	NA	0	0	2
chr2	21009322	21009323	rs693	primer_16_4	2	1	2
chr2	21355509	21355510	rs219556	NA	0	0	2
chr2	21723566	21723567	rs1562900	NA	0	0	2
chr2	22184461	22184462	rs2176472	NA	0	0	2
chr2	22203201	22203202	rs1607267	NA	0	0	2
chr2	22844614	22844615	rs12618688	primer_11_5	2	1	2
chr2	23004964	23004965	rs1374460	NA	0	0	2
chr2	23015131	23015132	rs10495737	NA	0	0	2
chr2	23308596	23308597	rs6711889	NA	0	0	2
chr2	23325742	23325743	rs2577720	NA	0	0	2
chr2	23532077	23532078	rs748860	NA	0	0	2
chr2	23716609	23716610	rs2879609	NA	0	0	2
chr2	24982557	24982558	rs1982200	NA	0	0	2
chr2	25139645	25139646	rs4665765	NA	0	0	2
chr2	25374811	25374812	rs730072	NA	0	0	2
chr2	25446647	25446648	rs6721434	NA	0	0	2
chr2	25505040	25505041	rs9309386	NA	0	0	2
chr2	25518151	25518152	rs499728	NA	0	0	2
chr2	25584236	25584237	rs11126114	NA	0	0	2
chr2	26553258	26553259	rs12470327	NA	0	0	2
chr2	28101001	28101002	rs6547829	NA	0	0	2
chr2	28369248	28369249	rs11902329	primer_12_10	2	1	2
chr2	28463464	28463465	rs1581035	NA	0	0	2
chr2	29578782	29578783	rs4665470	NA	0	0	2
chr2	30225477	30225478	rs906868	NA	0	0	2
chr2	30346488	30346489	rs7578949	NA	0	0	2
chr2	30414049	30414050	rs2076932	NA	0	0	2
chr2	30707298	30707299	rs472161	NA	0	0	2
chr2	30754765	30754766	rs1983383	NA	0	0	2
chr2	30788057	30788058	rs6709502	NA	0	0	2
chr2	30838431	30838432	rs7562766	NA	0	0	2
chr2	30895191	30895192	rs1559497	NA	0	0	2
chr2	31085152	31085153	rs13404171	NA	0	0	2
chr2	31236877	31236878	rs1540926	NA	0	0	2
chr2	32874312	32874313	rs10202440	NA	0	0	2
chr2	33410049	33410050	rs17012963	primer_6_2	2	1	2
chr2	33720646	33720647	rs12471341	NA	0	0	2
chr2	34369374	34369375	rs10204349	NA	0	0	2
chr2	34589450	34589451	rs1220211	NA	0	0	2
chr2	35909963	35909964	rs12712470	NA	0	0	2
chr2	36154260	36154261	rs2372441	NA	0	0	2
chr2	36576719	36576720	rs848596	NA	0	0	2
chr2	36752368	36752369	rs4670600	NA	0	0	2
chr2	37371277	37371278	rs2373001	NA	0	0	2
chr2	37374064	37374065	rs1024816	NA	0	0	2
chr2	37580228	37580229	rs6544093	NA	0	0	2
chr2	37690629	37690630	rs10172526	NA	0	0	2
chr2	37710988	37710989	rs6715108	NA	0	0	2
chr2	37720597	37720598	rs12616929	primer_24_5	2	1	2
chr2	37762935	37762936	rs7590255	NA	0	0	2
chr2	38052877	38052878	rs7557493	NA	0	0	2
chr2	38284238	38284239	rs1992881	primer_15_5	2	1	2
chr2	38511363	38511364	rs6544166	NA	0	0	2
chr2	39620028	39620029	rs17024091	NA	0	0	2
chr2	40399505	40399506	rs12052585	primer_9_6	2	1	2
chr2	40422775	40422776	rs7579930	NA	0	0	2
chr2	40828682	40828683	rs9309061	NA	0	0	2
chr2	40875905	40875906	rs207613	NA	0	0	2
chr2	41250706	41250707	rs10187485	NA	0	0	2
chr2	41715104	41715105	rs6756874	NA	0	0	2
chr2	41853483	41853484	rs4305317	NA	0	0	2
chr2	42040287	42040288	rs11898187	NA	0	0	2
chr2	42260904	42260905	rs2302346	NA	0	0	2
chr2	42463740	42463741	rs10495897	NA	0	0	2
chr2	42726204	42726205	rs1561505	NA	0	0	2
chr2	43012285	43012286	rs11686640	NA	0	0	2
chr2	43032024	43032025	rs10175942	NA	0	0	2
chr2	43257416	43257417	rs6749927	NA	0	0	2
chr2	43716385	43716386	rs1991739	NA	0	0	2
chr2	44990140	44990141	rs2917768	NA	0	0	2
chr2	45045057	45045058	rs1447107	primer_11_6	2	1	2
chr2	45068933	45068934	rs6723092	primer_40_3	2	1	2
chr2	45112351	45112352	rs12464646	NA	0	0	2
chr2	45116256	45116257	rs11896942	NA	0	0	2
chr2	45184048	45184049	rs2342702	NA	0	0	2
chr2	45287014	45287015	rs1862890	NA	0	0	2
chr2	45335674	45335675	rs12712941	NA	0	0	2
chr2	45761883	45761884	rs7582320	primer_8_3	2	1	2
chr2	45788495	45788496	rs4074080	NA	0	0	2
chr2	45828217	45828218	rs935661	NA	0	0	2
chr2	45964843	45964844	rs4953292	NA	0	0	2
chr2	46291754	46291755	rs1867786	NA	0	0	2
chr2	46309916	46309917	rs4952818	NA	0	0	2
chr2	46320354	46320355	rs6720535	NA	0	0	2
chr2	46953966	46953967	rs2881586	NA	0	0	2
chr2	47096292	47096293	rs12470974	NA	0	0	2
chr2	47283184	47283185	rs904162	NA	0	0	2
chr2	47316105	47316106	rs9789479	NA	0	0	2
chr2	47373966	47373967	rs1126497	NA	0	0	2
chr2	47607173	47607174	rs10182660	NA	0	0	2
chr2	47618611	47618612	rs10165893	NA	0	0	2
chr2	47715685	47715686	rs4325805	NA	0	0	2
chr2	48698606	48698607	rs6755901	NA	0	0	2
chr2	48757251	48757252	rs2301267	NA	0	0	2
chr2	49209449	49209450	rs4971718	primer_21_6	2	1	2
chr2	49682531	49682532	rs2176603	NA	0	0	2
chr2	49763229	49763230	rs1518823	primer_13_2	2	1	2
chr2	50020010	50020011	rs6753833	NA	0	0	2
chr2	50221999	50222000	rs601010	primer_31_1	2	1	2
chr2	50523289	50523290	rs7581256	NA	0	0	2
chr2	50590331	50590332	rs6733430	NA	0	0	2
chr2	50852343	50852344	rs2193225	NA	0	0	2
chr2	51010628	51010629	rs7594170	NA	0	0	2
chr2	51104018	51104019	rs735315	NA	0	0	2
chr2	51341903	51341904	rs6717556	NA	0	0	2
chr2	52091441	52091442	rs7574971	NA	0	0	2
chr2	52156559	52156560	rs11892271	NA	0	0	2
chr2	52266787	52266788	rs2141844	NA	0	0	2
chr2	52418565	52418566	rs7586951	NA	0	0	2
chr2	53155301	53155302	rs12995294	NA	0	0	2
chr2	54275774	54275775	rs843748	NA	0	0	2
chr2	54783055	54783056	rs6705079	NA	0	0	2
chr2	54824689	54824690	rs12999197	NA	0	0	2
chr2	54848256	54848257	rs2165006	NA	0	0	2
chr2	55130290	55130291	rs10168457	NA	0	0	2
chr2	56002248	56002249	rs4672084	NA	0	0	2
chr2	56130446	56130447	rs929689	NA	0	0	2
chr2	56151351	56151352	rs17047517	NA	0	0	2
chr2	56156626	56156627	rs6545554	NA	0	0	2
chr2	56395335	56395336	rs10191130	NA	0	0	2
chr2	56529721	56529722	rs6718973	NA	0	0	2
chr2	57060275	57060276	rs1116357	NA	0	0	2
chr2	57710608	57710609	rs11125728	NA	0	0	2
chr2	58660514	58660515	rs11693731	NA	0	0	2
chr2	58887603	58887604	rs6758100	NA	0	0	2
chr2	59012232	59012233	rs11687358	NA	0	0	2
chr2	59033268	59033269	rs7590342	NA	0	0	2
chr2	59756768	59756769	rs10168190	NA	0	0	2
chr2	59874076	59874077	rs6545760	NA	0	0	2
chr2	60057478	60057479	rs1861151	NA	0	0	2
chr2	60118326	60118327	rs979687	NA	0	0	2
chr2	60496536	60496537	rs6729815	primer_17_1	2	1	2
chr2	60535366	60535367	rs2556378	NA	0	0	2
chr2	60832247	60832248	rs6545832	primer_32_3	2	1	2
chr2	61457428	61457429	rs778139	NA	0	0	2
chr2	62435568	62435569	rs13412212	NA	0	0	2
chr2	63074028	63074029	rs6545977	NA	0	0	2
chr2	64036395	64036396	rs329489	primer_20_3	2	1	2
chr2	64142201	64142202	rs10496107	primer_4_2	2	1	2
chr2	64268492	64268493	rs1529102	primer_22_4	2	1	2
chr2	64472002	64472003	rs11126005	NA	0	0	2
chr2	64914975	64914976	rs6754629	NA	0	0	2
chr2	65672152	65672153	rs7576393	NA	0	0	2
chr2	65826338	65826339	rs3845821	NA	0	0	2
chr2	65877746	65877747	rs2631669	NA	0	0	2
chr2	66131104	66131105	rs4671716	NA	0	0	2
chr2	66183813	66183814	rs2951282	primer_3_1	2	1	2
chr2	66497009	66497010	rs6722685	NA	0	0	2
chr2	66680575	66680576	rs6709958	NA	0	0	2
chr2	66732786	66732787	rs2081397	NA	0	0	2
chr2	67161099	67161100	rs4671784	NA	0	0	2
chr2	67315321	67315322	rs2128769	NA	0	0	2
chr2	67477947	67477948	rs6760732	primer_16_8	2	1	2
chr2	67531773	67531774	rs2541022	NA	0	0	2
chr2	67755058	67755059	rs2116051	NA	0	0	2
chr2	67808829	67808830	rs6715551	NA	0	0	2
chr2	67832613	67832614	rs1430795	NA	0	0	2
chr2	68103701	68103702	rs4671873	NA	0	0	2
chr2	68111480	68111481	rs17034987	NA	0	0	2
chr2	68328567	68328568	rs6717329	NA	0	0	2
chr2	68797656	68797657	rs7558602	NA	0	0	2
chr2	68856985	68856986	rs6546442	NA	0	0	2
chr2	68911893	68911894	rs10191936	primer_25_7	2	1	2
chr2	69586325	69586326	rs12987661	primer_17_0	2	1	2
chr2	70388997	70388998	rs2169843	NA	0	0	2
chr2	71149070	71149071	rs1458868	NA	0	0	2
chr2	71702644	71702645	rs750355	primer_24_4	2	1	2
chr2	72943600	72943601	rs755409	NA	0	0	2
chr2	73877744	73877745	rs10188058	NA	0	0	2
chr2	74261570	74261571	rs4853019	NA	0	0	2
chr2	74741112	74741113	rs205621	NA	0	0	2
chr2	74743265	74743266	rs11678377	primer_32_6	2	1	2
chr2	74858035	74858036	rs3771781	primer_43_3	2	1	2
chr2	75074635	75074636	rs6546952	NA	0	0	2
chr2	75233428	75233429	rs12328696	NA	0	0	2
chr2	75345591	75345592	rs2110933	NA	0	0	2
chr2	75626661	75626662	rs6547014	NA	0	0	2
chr2	75763918	75763919	rs7419897	NA	0	0	2
chr2	75999248	75999249	rs6708139	NA	0	0	2
chr2	76261437	76261438	rs2860732	NA	0	0	2
chr2	76387031	76387032	rs1996634	NA	0	0	2
chr2	76584651	76584652	rs10203812	NA	0	0	2
chr2	76802196	76802197	rs7561233	NA	0	0	2
chr2	77414726	77414727	rs370099	primer_36_3	2	1	2
chr2	77912422	77912423	rs4853352	NA	0	0	2
chr2	78933490	78933491	rs9309543	primer_22_0	2	1	2
chr2	79251732	79251733	rs6710298	NA	0	0	2
chr2	79259123	79259124	rs6757830	NA	0	0	2
chr2	79298916	79298917	rs11892349	primer_9_7	2	1	2
chr2	79870152	79870153	rs3755095	primer_12_3	2	1	2
chr2	79958790	79958791	rs747920	NA	0	0	2
chr2	79987427	79987428	rs598453	NA	0	0	2
chr2	80261648	80261649	rs318369	NA	0	0	2
chr2	80287546	80287547	rs1930	NA	0	0	2
chr2	80875138	80875139	rs2131255	NA	0	0	2
chr2	81136815	81136816	rs1598759	NA	0	0	2
chr2	81267767	81267768	rs2862492	NA	0	0	2
chr2	81871375	81871376	rs4852646	primer_11_7	2	1	2
chr2	82183337	82183338	rs1430726	NA	0	0	2
chr2	82893602	82893603	rs10469974	NA	0	0	2
chr2	83579129	83579130	rs1486837	NA	0	0	2
chr2	83696514	83696515	rs2923861	NA	0	0	2
chr2	85061448	85061449	rs1882271	NA	0	0	2
chr2	85139847	85139848	rs6754757	primer_20_8	2	1	2
chr2	85326956	85326957	rs4247303	primer_20_2	2	1	2
chr2	85387888	85387889	rs1135604	NA	0	0	2
chr2	85745990	85745991	rs1356621	NA	0	0	2
chr2	85795898	85795899	rs10184538	NA	0	0	2
chr2	85820089	85820090	rs10445963	NA	0	0	2
chr2	86372172	86372173	rs2113608	primer_22_5	2	1	2
chr2	88279023	88279024	rs4972052	NA	0	0	2
chr2	96251849	96251850	rs7058	NA	0	0	2
chr2	97716826	97716827	rs11683207	NA	0	0	2
chr2	98167811	98167812	rs2309389	NA	0	0	2
chr2	98385984	98385985	rs4851130	NA	0	0	2
chr2	98662890	98662891	rs1028144	NA	0	0	2
chr2	98767907	98767908	rs12615689	NA	0	0	2
chr2	99524565	99524566	rs1376444	NA	0	0	2
chr2	100449588	100449589	rs6716842	primer_19_4	2	1	2
chr2	102154832	102154833	rs3917335	primer_35_2	2	1	2
chr2	103136571	103136572	rs6709515	NA	0	0	2
chr2	103139957	103139958	rs1482751	NA	0	0	2
chr2	103334116	103334117	rs10191917	NA	0	0	2
chr2	103496999	103497000	rs6761396	NA	0	0	2
chr2	104477239	104477240	rs1033302	NA	0	0	2
chr2	105509924	105509925	rs13404931	NA	0	0	2
chr2	105641567	105641568	rs4851079	NA	0	0	2
chr2	105718831	105718832	rs17031627	primer_21_3	2	1	2
chr2	105828824	105828825	rs2163350	primer_6_5	2	1	2
chr2	105845799	105845800	rs6543342	NA	0	0	2
chr2	105924772	105924773	rs2098836	NA	0	0	2
chr2	106526433	106526434	rs4455150	NA	0	0	2
chr2	106915538	106915539	rs12463880	NA	0	0	2
chr2	107007240	107007241	rs1013014	NA	0	0	2
chr2	107169559	107169560	rs2907907	NA	0	0	2
chr2	107577566	107577567	rs6542725	primer_25_1	2	1	2
chr2	107799245	107799246	rs6542736	NA	0	0	2
chr2	107993688	107993689	rs4676169	NA	0	0	2
chr2	108326746	108326747	rs17770672	NA	0	0	2
chr2	108699298	108699299	rs4676040	NA	0	0	2
chr2	108920327	108920328	rs260642	NA	0	0	2
chr2	109060062	109060063	rs1471074	NA	0	0	2
chr2	109240029	109240030	rs6760953	NA	0	0	2
chr2	109460696	109460697	rs6542832	NA	0	0	2
chr2	111519762	111519763	rs11123551	NA	0	0	2
chr2	112108980	112108981	rs954521	NA	0	0	2
chr2	112699471	112699472	rs10211073	NA	0	0	2
chr2	112966336	112966337	rs7580446	NA	0	0	2
chr2	113359934	113359935	rs6739740	NA	0	0	2
chr2	113396791	113396792	rs12711768	NA	0	0	2
chr2	113983859	113983860	rs6756587	primer_13_3	2	1	2
chr2	115065177	115065178	rs17452616	NA	0	0	2
chr2	115639203	115639204	rs13012337	NA	0	0	2
chr2	118118539	118118540	rs11673900	NA	0	0	2
chr2	118463329	118463330	rs1965130	NA	0	0	2
chr2	118523217	118523218	rs2008776	NA	0	0	2
chr2	118830133	118830134	rs4848526	NA	0	0	2
chr2	118940997	118940998	rs3806496	primer_16_0	2	1	2
chr2	118985288	118985289	rs3731612	NA	0	0	2
chr2	119026616	119026617	rs729735	primer_17_5	2	1	2
chr2	119212254	119212255	rs6759589	NA	0	0	2
chr2	119267895	119267896	rs6707849	NA	0	0	2
chr2	119520594	119520595	rs4383344	primer_38_3	2	1	2
chr2	119574399	119574400	rs17659633	primer_18_3	2	1	2
chr2	119984432	119984433	rs1446305	NA	0	0	2
chr2	120338343	120338344	rs7589138	NA	0	0	2
chr2	120429486	120429487	rs7592778	NA	0	0	2
chr2	120538908	120538909	rs6758414	NA	0	0	2
chr2	120599518	120599519	rs1568836	primer_23_4	2	1	2
chr2	120600678	120600679	rs4849909	NA	0	0	2
chr2	121147957	121147958	rs2713241	NA	0	0	2
chr2	121167821	121167822	rs4488664	NA	0	0	2
chr2	121182424	121182425	rs4848692	primer_12_9	2	1	2
chr2	122899350	122899351	rs1554808	NA	0	0	2
chr2	123254671	123254672	rs1401561	NA	0	0	2
chr2	123519373	123519374	rs1343822	NA	0	0	2
chr2	123971433	123971434	rs1400064	NA	0	0	2
chr2	124065220	124065221	rs959320	NA	0	0	2
chr2	124218585	124218586	rs11123030	NA	0	0	2
chr2	124523130	124523131	rs17676225	NA	0	0	2
chr2	124565257	124565258	rs6541961	NA	0	0	2
chr2	124762885	124762886	rs724655	NA	0	0	2
chr2	125380361	125380362	rs1435578	NA	0	0	2
chr2	126390881	126390882	rs437866	NA	0	0	2
chr2	126582723	126582724	rs6431134	primer_11_1	2	1	2
chr2	127082204	127082205	rs10194375	NA	0	0	2
chr2	128444866	128444867	rs11690893	primer_27_2	2	1	2
chr2	128478009	128478010	rs2011526	primer_29_7	2	1	2
chr2	128526580	128526581	rs841080	NA	0	0	2
chr2	128634670	128634671	rs1595400	NA	0	0	2
chr2	129702522	129702523	rs4662980	NA	0	0	2
chr2	129896311	129896312	rs1574605	NA	0	0	2
chr2	130766097	130766098	rs1134119	NA	0	0	2
chr2	130835471	130835472	rs1542604	primer_36_2	2	1	2
chr2	130975830	130975831	rs4850101	NA	0	0	2
chr2	131402272	131402273	rs2313693	NA	0	0	2
chr2	131409032	131409033	rs7584315	NA	0	0	2
chr2	131825704	131825705	rs10928155	primer_4_0	2	1	2
chr2	131973813	131973814	rs4063769	NA	0	0	2
chr2	132558518	132558519	rs4145337	NA	0	0	2
chr2	132636234	132636235	rs4547577	NA	0	0	2
chr2	132872668	132872669	rs1037173	primer_24_1	2	1	2
chr2	133594076	133594077	rs17817190	primer_16_1	2	1	2
chr2	133772089	133772090	rs1446741	primer_18_2	2	1	2
chr2	133818884	133818885	rs1867896	NA	0	0	2
chr2	133866704	133866705	rs4603824	primer_40_2	2	1	2
chr2	133995484	133995485	rs10208875	NA	0	0	2
chr2	134114465	134114466	rs1879019	NA	0	0	2
chr2	134156184	134156185	rs11900787	NA	0	0	2
chr2	134221843	134221844	rs2593708	NA	0	0	2
chr2	134444883	134444884	rs535900	primer_18_10	2	1	2
chr2	136279548	136279549	rs13420371	NA	0	0	2
chr2	136282213	136282214	rs4245843	primer_37_3	2	1	2
chr2	136779333	136779334	rs2465095	NA	0	0	2
chr2	137159532	137159533	rs13413874	NA	0	0	2
chr2	138124757	138124758	rs1357404	NA	0	0	2
chr2	138391482	138391483	rs7576870	primer_13_0	2	1	2
chr2	140157539	140157540	rs2950615	NA	0	0	2
chr2	140338337	140338338	rs12992137	NA	0	0	2
chr2	141119631	141119632	rs1882638	NA	0	0	2
chr2	141125393	141125394	rs13013197	NA	0	0	2
chr2	141383845	141383846	rs10166697	NA	0	0	2
chr2	141414796	141414797	rs4954702	NA	0	0	2
chr2	141834366	141834367	rs6721397	NA	0	0	2
chr2	143753659	143753660	rs11898334	NA	0	0	2
chr2	145117721	145117722	rs1997287	NA	0	0	2
chr2	145634781	145634782	rs12619445	NA	0	0	2
chr2	146664685	146664686	rs10206424	NA	0	0	2
chr2	146992606	146992607	rs1515263	NA	0	0	2
chr2	147613959	147613960	rs6708653	NA	0	0	2
chr2	147675110	147675111	rs4662539	NA	0	0	2
chr2	148695231	148695232	rs10183992	primer_8_6	2	1	2
chr2	149603355	149603356	rs10490073	NA	0	0	2
chr2	149814250	149814251	rs1405214	NA	0	0	2
chr2	150033718	150033719	rs330650	NA	0	0	2
chr2	150173463	150173464	rs4667375	NA	0	0	2
chr2	150426891	150426892	rs860992	NA	0	0	2
chr2	150477946	150477947	rs1528430	NA	0	0	2
chr2	150768367	150768368	rs6734792	NA	0	0	2
chr2	151544796	151544797	rs9287983	NA	0	0	2
chr2	152552829	152552830	rs10497105	NA	0	0	2
chr2	152715641	152715642	rs3811567	NA	0	0	2
chr2	153016330	153016331	rs1347395	NA	0	0	2
chr2	153137293	153137294	rs1369256	NA	0	0	2
chr2	153200632	153200633	rs6745326	primer_20_6	2	1	2
chr2	153460872	153460873	rs3910524	NA	0	0	2
chr2	153763294	153763295	rs10183136	NA	0	0	2
chr2	154567152	154567153	rs12104610	NA	0	0	2
chr2	154780725	154780726	rs2053671	NA	0	0	2
chr2	155608501	155608502	rs11679712	NA	0	0	2
chr2	155963072	155963073	rs17238525	NA	0	0	2
chr2	156133793	156133794	rs12694551	NA	0	0	2
chr2	156444109	156444110	rs4664818	NA	0	0	2
chr2	156634133	156634134	rs7577045	NA	0	0	2
chr2	156981357	156981358	rs4664844	NA	0	0	2
chr2	157599467	157599468	rs13383985	NA	0	0	2
chr2	157870042	157870043	rs12479151	NA	0	0	2
chr2	158180033	158180034	rs1357183	primer_16_6	2	1	2
chr2	158244700	158244701	rs7559893	NA	0	0	2
chr2	158919108	158919109	rs9789420	NA	0	0	2
chr2	159466144	159466145	rs16844045	NA	0	0	2
chr2	160747757	160747758	rs1975999	NA	0	0	2
chr2	161038151	161038152	rs197273	NA	0	0	2
chr2	161780103	161780104	rs12692642	NA	0	0	2
chr2	161962110	161962111	rs4500960	NA	0	0	2
chr2	162613830	162613831	rs6715506	NA	0	0	2
chr2	162646210	162646211	rs3849346	NA	0	0	2
chr2	163192148	163192149	rs13389923	NA	0	0	2
chr2	163222580	163222581	rs1394242	NA	0	0	2
chr2	163250487	163250488	rs6712770	NA	0	0	2
chr2	165431465	165431466	rs4667819	NA	0	0	2
chr2	165564088	165564089	rs1877872	primer_19_1	2	1	2
chr2	166774220	166774221	rs4393770	NA	0	0	2
chr2	167620961	167620962	rs1431900	NA	0	0	2
chr2	167789530	167789531	rs13020412	NA	0	0	2
chr2	167993184	167993185	rs11884717	primer_20_1	2	1	2
chr2	168159162	168159163	rs1517342	NA	0	0	2
chr2	168525831	168525832	rs1020603	NA	0	0	2
chr2	168842839	168842840	rs518337	NA	0	0	2
chr2	168893972	168893973	rs477224	NA	0	0	2
chr2	168963313	168963314	rs3770582	NA	0	0	2
chr2	169231966	169231967	rs2302693	primer_31_4	2	1	2
chr2	169354866	169354867	rs2389557	NA	0	0	2
chr2	169902192	169902193	rs12991583	NA	0	0	2
chr2	170144288	170144289	rs4667620	NA	0	0	2
chr2	170204218	170204219	rs6738892	NA	0	0	2
chr2	170348577	170348578	rs16858186	NA	0	0	2
chr2	170559281	170559282	rs12993953	NA	0	0	2
chr2	170572858	170572859	rs11693682	NA	0	0	2
chr2	170577314	170577315	rs2883782	NA	0	0	2
chr2	170691982	170691983	rs7574074	NA	0	0	2
chr2	171598422	171598423	rs6745725	NA	0	0	2
chr2	171654178	171654179	rs1399956	primer_21_2	2	1	2
chr2	172264607	172264608	rs7566285	NA	0	0	2
chr2	172290989	172290990	rs12471128	NA	0	0	2
chr2	172374993	172374994	rs4283388	NA	0	0	2
chr2	172430568	172430569	rs3108779	NA	0	0	2
chr2	172919929	172919930	rs2113807	NA	0	0	2
chr2	173290463	173290464	rs868294	NA	0	0	2
chr2	173402552	173402553	rs1865236	primer_8_1	2	1	2
chr2	173405522	173405523	rs1020013	NA	0	0	2
chr2	173579861	173579862	rs4972588	NA	0	0	2
chr2	173828459	173828460	rs7421996	primer_1_1	2	1	2
chr2	173843470	173843471	rs1024125	primer_26_7	2	1	2
chr2	173853330	173853331	rs7591669	NA	0	0	2
chr2	174552282	174552283	rs10172858	NA	0	0	2
chr2	174700823	174700824	rs12620150	NA	0	0	2
chr2	174901619	174901620	rs9287980	NA	0	0	2
chr2	175676954	175676955	rs7565836	NA	0	0	2
chr2	175756671	175756672	rs13017316	primer_16_2	2	1	2
chr2	175857255	175857256	rs1374369	NA	0	0	2
chr2	175873811	175873812	rs12693085	primer_30_0	2	1	2
chr2	175885049	175885050	rs6433564	NA	0	0	2
chr2	176144185	176144186	rs6736786	NA	0	0	2
chr2	176206191	176206192	rs1026027	primer_9_0	2	1	2
chr2	176384243	176384244	rs2069172	NA	0	0	2
chr2	176462473	176462474	rs6749901	primer_33_2	2	1	2
chr2	176466238	176466239	rs1554406	NA	0	0	2
chr2	176935023	176935024	rs7603168	NA	0	0	2
chr2	177673161	177673162	rs3770011	NA	0	0	2
chr2	177971901	177971902	rs2573088	NA	0	0	2
chr2	179313068	179313069	rs10497537	NA	0	0	2
chr2	179350582	179350583	rs6433781	NA	0	0	2
chr2	179401404	179401405	rs10930870	NA	0	0	2
chr2	179411160	179411161	rs1400825	NA	0	0	2
chr2	179414614	179414615	rs6433791	NA	0	0	2
chr2	179473093	179473094	rs12473469	NA	0	0	2
chr2	179881313	179881314	rs11888692	primer_12_8	2	1	2
chr2	180292262	180292263	rs3845718	NA	0	0	2
chr2	180647303	180647304	rs1477502	NA	0	0	2
chr2	180920566	180920567	rs10048799	NA	0	0	2
chr2	180946220	180946221	rs10192997	NA	0	0	2
chr2	183305624	183305625	rs1972947	NA	0	0	2
chr2	183488726	183488727	rs1992179	primer_26_8	2	1	2
chr2	183493673	183493674	rs2368443	NA	0	0	2
chr2	183632794	183632795	rs1454053	NA	0	0	2
chr2	184322416	184322417	rs719736	NA	0	0	2
chr2	184461523	184461524	rs12693377	NA	0	0	2
chr2	185067587	185067588	rs263767	NA	0	0	2
chr2	185380925	185380926	rs17403192	NA	0	0	2
chr2	187972820	187972821	rs2350195	NA	0	0	2
chr2	188097698	188097699	rs11886097	NA	0	0	2
chr2	190748652	190748653	rs1263117	NA	0	0	2
chr2	191073873	191073874	rs7594501	NA	0	0	2
chr2	191474804	191474805	rs16833762	NA	0	0	2
chr2	191933261	191933262	rs3923556	NA	0	0	2
chr2	192079071	192079072	rs2356758	NA	0	0	2
chr2	192170296	192170297	rs2356955	primer_12_5	2	1	2
chr2	194512712	194512713	rs16831761	NA	0	0	2
chr2	195757797	195757798	rs1026629	NA	0	0	2
chr2	196270065	196270066	rs6746308	NA	0	0	2
chr2	198768027	198768028	rs6761022	NA	0	0	2
chr2	198918871	198918872	rs1526070	NA	0	0	2
chr2	200365260	200365261	rs295130	primer_15_3	2	1	2
chr2	200468277	200468278	rs3769433	NA	0	0	2
chr2	200706419	200706420	rs2540051	NA	0	0	2
chr2	201266863	201266864	rs2293554	NA	0	0	2
chr2	201666900	201666901	rs16837959	NA	0	0	2
chr2	201990470	201990471	rs4675242	NA	0	0	2
chr2	202019669	202019670	rs1477031	NA	0	0	2
chr2	202488213	202488214	rs6751210	NA	0	0	2
chr2	202901643	202901644	rs3933629	NA	0	0	2
chr2	203984094	203984095	rs13003194	NA	0	0	2
chr2	204189317	204189318	rs7607984	NA	0	0	2
chr2	204197909	204197910	rs6714929	NA	0	0	2
chr2	204346525	204346526	rs9653325	primer_27_4	2	1	2
chr2	204360735	204360736	rs6435232	NA	0	0	2
chr2	204481943	204481944	rs12613305	NA	0	0	2
chr2	204527210	204527211	rs4675467	NA	0	0	2
chr2	204869123	204869124	rs6733159	NA	0	0	2
chr2	205170341	205170342	rs1468997	NA	0	0	2
chr2	205410335	205410336	rs849266	NA	0	0	2
chr2	205481480	205481481	rs4675528	NA	0	0	2
chr2	205482843	205482844	rs1877341	NA	0	0	2
chr2	205640580	205640581	rs759455	primer_14_6	2	1	2
chr2	205946210	205946211	rs7562683	NA	0	0	2
chr2	206279079	206279080	rs12694049	NA	0	0	2
chr2	206406073	206406074	rs4271750	NA	0	0	2
chr2	206644016	206644017	rs4673360	NA	0	0	2
chr2	206718490	206718491	rs1001110	NA	0	0	2
chr2	206861572	206861573	rs2042135	primer_32_4	2	1	2
chr2	206959659	206959660	rs11903403	primer_18_0	2	1	2
chr2	207056240	207056241	rs10932176	NA	0	0	2
chr2	207671811	207671812	rs2551968	NA	0	0	2
chr2	208086988	208086989	rs10932236	NA	0	0	2
chr2	208093025	208093026	rs896637	NA	0	0	2
chr2	208186861	208186862	rs7572263	primer_31_0	2	1	2
chr2	208571660	208571661	rs10497902	NA	0	0	2
chr2	209836376	209836377	rs6761179	NA	0	0	2
chr2	210571340	210571341	rs6714124	NA	0	0	2
chr2	210818262	210818263	rs12464940	NA	0	0	2
chr2	210964772	210964773	rs186471	NA	0	0	2
chr2	211572435	211572436	rs17335169	NA	0	0	2
chr2	212145580	212145581	rs1521658	primer_24_6	2	1	2
chr2	212482379	212482380	rs1482378	NA	0	0	2
chr2	212694504	212694505	rs7580519	NA	0	0	2
chr2	212933155	212933156	rs4672667	NA	0	0	2
chr2	213101083	213101084	rs10167348	NA	0	0	2
chr2	213175700	213175701	rs7573232	primer_13_7	2	1	2
chr2	213296796	213296797	rs11677793	NA	0	0	2
chr2	213952711	213952712	rs6719800	primer_13_10	2	1	2
chr2	214022297	214022298	rs11675561	NA	0	0	2
chr2	214203028	214203029	rs6435818	NA	0	0	2
chr2	214544445	214544446	rs10932543	primer_2_1	2	1	2
chr2	215766642	215766643	rs4674024	NA	0	0	2
chr2	215920964	215920965	rs10167212	NA	0	0	2
chr2	216322017	216322018	rs6728666	NA	0	0	2
chr2	216380220	216380221	rs4672798	NA	0	0	2
chr2	216532695	216532696	rs12624027	primer_8_0	2	1	2
chr2	216550907	216550908	rs1525610	NA	0	0	2
chr2	216559385	216559386	rs12463731	NA	0	0	2
chr2	216598718	216598719	rs7590938	NA	0	0	2
chr2	216669520	216669521	rs2067041	NA	0	0	2
chr2	216985693	216985694	rs1882421	primer_36_4	2	1	2
chr2	217057008	217057009	rs2888456	NA	0	0	2
chr2	217115709	217115710	rs12466929	NA	0	0	2
chr2	217249971	217249972	rs10932707	NA	0	0	2
chr2	217374157	217374158	rs12620884	NA	0	0	2
chr2	217799909	217799910	rs3747	primer_22_3	2	1	2
chr2	217809760	217809761	rs1035671	NA	0	0	2
chr2	217918096	217918097	rs13022785	NA	0	0	2
chr2	217929259	217929260	rs3791911	NA	0	0	2
chr2	218349916	218349917	rs13409846	NA	0	0	2
chr2	218365038	218365039	rs6745037	NA	0	0	2
chr2	219351126	219351127	rs9646859	primer_17_3	2	1	2
chr2	219574379	219574380	rs7588807	NA	0	0	2
chr2	219715825	219715826	rs678134	primer_14_0	2	1	2
chr2	219728791	219728792	rs10498067	NA	0	0	2
chr2	219925915	219925916	rs1007684	NA	0	0	2
chr2	219996871	219996872	rs995842	NA	0	0	2
chr2	220127421	220127422	rs13001386	NA	0	0	2
chr2	220529588	220529589	rs4234035	NA	0	0	2
chr2	220582362	220582363	rs1796432	NA	0	0	2
chr2	220617921	220617922	rs10932875	NA	0	0	2
chr2	220695041	220695042	rs1517443	primer_9_8	2	1	2
chr2	221180253	221180254	rs10084181	NA	0	0	2
chr2	221206544	221206545	rs1955117	NA	0	0	2
chr2	221285869	221285870	rs1991736	NA	0	0	2
chr2	221348322	221348323	rs6737417	primer_34_1	2	1	2
chr2	221657149	221657150	rs1519483	NA	0	0	2
chr2	222061960	222061961	rs348980	NA	0	0	2
chr2	222106554	222106555	rs6728176	NA	0	0	2
chr2	222291867	222291868	rs7600206	primer_40_0	2	1	2
chr2	222302990	222302991	rs6436310	NA	0	0	2
chr2	222439801	222439802	rs10168232	NA	0	0	2
chr2	222470355	222470356	rs11676701	NA	0	0	2
chr2	222487694	222487695	rs11676002	NA	0	0	2
chr2	222664938	222664939	rs4674677	NA	0	0	2
chr2	222790395	222790396	rs7589928	NA	0	0	2
chr2	222945547	222945548	rs6436364	primer_7_1	2	1	2
chr2	223158498	223158499	rs11899732	NA	0	0	2
chr2	223311112	223311113	rs1517628	NA	0	0	2
chr2	223543771	223543772	rs11675944	NA	0	0	2
chr2	223767471	223767472	rs686700	primer_18_11	2	1	2
chr2	223778673	223778674	rs631922	NA	0	0	2
chr2	223935298	223935299	rs6721089	NA	0	0	2
chr2	224018587	224018588	rs2037755	NA	0	0	2
chr2	224926361	224926362	rs6714466	NA	0	0	2
chr2	225289414	225289415	rs6743368	NA	0	0	2
chr2	225591744	225591745	rs1993323	NA	0	0	2
chr2	225797041	225797042	rs13413808	NA	0	0	2
chr2	226140633	226140634	rs6436602	NA	0	0	2
chr2	226664197	226664198	rs2707543	NA	0	0	2
chr2	226692470	226692471	rs2894608	NA	0	0	2
chr2	226699308	226699309	rs1922531	NA	0	0	2
chr2	227136463	227136464	rs2396453	primer_9_9	2	1	2
chr2	227423468	227423469	rs4673194	NA	0	0	2
chr2	227431427	227431428	rs11688520	NA	0	0	2
chr2	227616702	227616703	rs11889798	NA	0	0	2
chr2	227658423	227658424	rs12469987	primer_41_1	2	1	2
chr2	227769823	227769824	rs4284828	NA	0	0	2
chr2	227806706	227806707	rs11694155	NA	0	0	2
chr2	228174086	228174087	rs7570716	NA	0	0	2
chr2	228377714	228377715	rs13424461	NA	0	0	2
chr2	228916253	228916254	rs2396595	NA	0	0	2
chr2	229015182	229015183	rs12619625	primer_26_5	2	1	2
chr2	229055803	229055804	rs31276	NA	0	0	2
chr2	229098687	229098688	rs17676036	primer_35_0	2	1	2
chr2	229505397	229505398	rs10197959	NA	0	0	2
chr2	230130730	230130731	rs6436908	primer_35_4	2	1	2
chr2	230366635	230366636	rs6710287	NA	0	0	2
chr2	230393434	230393435	rs7590429	NA	0	0	2
chr2	230418995	230418996	rs9678342	NA	0	0	2
chr2	230568343	230568344	rs13418392	NA	0	0	2
chr2	230612507	230612508	rs4972964	primer_14_7	2	1	2
chr2	230992360	230992361	rs10933363	NA	0	0	2
chr2	231201937	231201938	rs753855	NA	0	0	2
chr2	231228583	231228584	rs1729077	NA	0	0	2
chr2	231616506	231616507	rs1865375	NA	0	0	2
chr2	232367353	232367354	rs1850593	NA	0	0	2
chr2	233210988	233210989	rs6431586	NA	0	0	2
chr2	233534302	233534303	rs4047189	NA	0	0	2
chr2	233595451	233595452	rs1597944	NA	0	0	2
chr2	233796742	233796743	rs741160	primer_25_6	2	1	2
chr2	233936300	233936301	rs12473889	NA	0	0	2
chr2	233971208	233971209	rs7605850	NA	0	0	2
chr2	233994449	233994450	rs4663998	NA	0	0	2
chr2	234024985	234024986	rs676546	NA	0	0	2
chr2	234033891	234033892	rs11684379	NA	0	0	2
chr2	234170978	234170979	rs6431234	NA	0	0	2
chr2	234303411	234303412	rs6733065	NA	0	0	2
chr2	234327966	234327967	rs1714945	NA	0	0	2
chr2	234522079	234522080	rs10803620	NA	0	0	2
chr2	234582493	234582494	rs7576760	NA	0	0	2
chr2	234662089	234662090	rs884062	NA	0	0	2
chr2	234820510	234820511	rs2014366	NA	0	0	2
chr2	234886450	234886451	rs4663517	NA	0	0	2
chr2	234886883	234886884	rs722161	NA	0	0	2
chr2	234900870	234900871	rs11684741	NA	0	0	2
chr2	235286066	235286067	rs1367882	primer_25_0	2	1	2
chr2	235549243	235549244	rs12475206	NA	0	0	2
chr2	235792176	235792177	rs12471567	primer_45_1	2	1	2
chr2	236109865	236109866	rs3768926	NA	0	0	2
chr2	236524888	236524889	rs1986988	NA	0	0	2
chr2	237032718	237032719	rs11690453	NA	0	0	2
chr2	237407365	237407366	rs13431876	primer_41_0	2	1	2
chr2	237665782	237665783	rs6758509	primer_10_5	2	1	2
chr2	237893143	237893144	rs6746771	NA	0	0	2
chr2	237897727	237897728	rs4663269	NA	0	0	2
chr2	238174334	238174335	rs2880132	NA	0	0	2
chr2	238534516	238534517	rs9287631	NA	0	0	2
chr2	238913514	238913515	rs4078406	NA	0	0	2
chr2	239001871	239001872	rs3935696	NA	0	0	2
chr2	239029298	239029299	rs6704807	primer_41_2	2	1	2
chr2	239336262	239336263	rs1399629	NA	0	0	2
chr2	239373273	239373274	rs2411843	NA	0	0	2
chr2	239498980	239498981	rs1796449	primer_10_0	2	1	2
chr2	239578742	239578743	rs10180205	NA	0	0	2
chr2	239668219	239668220	rs12612406	NA	0	0	2
chr2	239710933	239710934	rs1437731	NA	0	0	2
chr2	240145808	240145809	rs12695007	NA	0	0	2
chr2	240234096	240234097	rs903760	NA	0	0	2
chr2	240470038	240470039	rs3811624	NA	0	0	2
chr2	240531317	240531318	rs7607996	NA	0	0	2
chr2	240835648	240835649	rs11900363	primer_9_4	2	1	2
chr2	240859848	240859849	rs4538195	NA	0	0	2
chr2	240896014	240896015	rs10933514	NA	0	0	2
chr3	381334	381335	rs11706690	NA	0	0	2
chr3	1026551	1026552	rs17032419	NA	0	0	2
chr3	1101739	1101740	rs9878022	NA	0	0	2
chr3	1133890	1133891	rs4481145	primer_30_2	2	1	2
chr3	1210983	1210984	rs1391916	NA	0	0	2
chr3	1308230	1308231	rs4684882	NA	0	0	2
chr3	1399691	1399692	rs9875177	NA	0	0	2
chr3	1425990	1425991	rs7626838	NA	0	0	2
chr3	1547234	1547235	rs443052	NA	0	0	2
chr3	1649405	1649406	rs1914006	NA	0	0	2
chr3	1665828	1665829	rs9864375	NA	0	0	2
chr3	1835449	1835450	rs9860556	NA	0	0	2
chr3	2087149	2087150	rs2729277	NA	0	0	2
chr3	2153679	2153680	rs2727925	NA	0	0	2
chr3	2279407	2279408	rs13059227	NA	0	0	2
chr3	2385345	2385346	rs1827451	NA	0	0	2
chr3	2542691	2542692	rs7649181	NA	0	0	2
chr3	2559119	2559120	rs2046037	NA	0	0	2
chr3	2844842	2844843	rs17584516	NA	0	0	2
chr3	2854125	2854126	rs11712375	NA	0	0	2
chr3	2949935	2949936	rs10510242	NA	0	0	2
chr3	3049646	3049647	rs7649378	NA	0	0	2
chr3	3059102	3059103	rs163577	primer_38_1	2	1	2
chr3	3115126	3115127	rs2540078	NA	0	0	2
chr3	3116800	3116801	rs1153459	NA	0	0	2
chr3	3124222	3124223	rs1278150	NA	0	0	2
chr3	3236585	3236586	rs12633281	NA	0	0	2
chr3	3311028	3311029	rs4465931	NA	0	0	2
chr3	3541378	3541379	rs723168	NA	0	0	2
chr3	3919588	3919589	rs6776819	NA	0	0	2
chr3	4062241	4062242	rs795727	NA	0	0	2
chr3	4584512	4584513	rs6804671	primer_16_7	2	1	2
chr3	4604231	4604232	rs4684427	NA	0	0	2
chr3	4623880	4623881	rs2029665	NA	0	0	2
chr3	4830513	4830514	rs4685829	primer_28_4	2	1	2
chr3	4833106	4833107	rs11708908	primer_14_4	2	1	2
chr3	4936807	4936808	rs6764243	NA	0	0	2
chr3	4985212	4985213	rs11925620	NA	0	0	2
chr3	5302115	5302116	rs1995205	NA	0	0	2
chr3	5315846	5315847	rs398708	primer_27_3	2	1	2
chr3	5366616	5366617	rs10510302	NA	0	0	2
chr3	5451702	5451703	rs17042585	NA	0	0	2
chr3	6023041	6023042	rs6762892	primer_7_3	2	1	2
chr3	6040864	6040865	rs1914413	NA	0	0	2
chr3	6089510	6089511	rs7609589	NA	0	0	2
chr3	6650733	6650734	rs4686076	NA	0	0	2
chr3	6791847	6791848	rs10510341	NA	0	0	2
chr3	6820027	6820028	rs1400286	NA	0	0	2
chr3	6878130	6878131	rs421802	NA	0	0	2
chr3	6914046	6914047	rs9311966	NA	0	0	2
chr3	7469168	7469169	rs7623046	primer_9_3	2	1	2
chr3	7755804	7755805	rs161885	NA	0	0	2
chr3	8107008	8107009	rs6779176	NA	0	0	2
chr3	8151738	8151739	rs13061566	NA	0	0	2
chr3	8482634	8482635	rs10510390	NA	0	0	2
chr3	8606809	8606810	rs10510393	NA	0	0	2
chr3	8607952	8607953	rs873227	NA	0	0	2
chr3	8634091	8634092	rs11131140	NA	0	0	2
chr3	8634517	8634518	rs3774210	NA	0	0	2
chr3	8667518	8667519	rs2172557	NA	0	0	2
chr3	8712482	8712483	rs7634632	NA	0	0	2
chr3	8764263	8764264	rs237893	NA	0	0	2
chr3	8842315	8842316	rs7615763	NA	0	0	2
chr3	8882155	8882156	rs4389469	NA	0	0	2
chr3	9030601	9030602	rs1513315	NA	0	0	2
chr3	9039654	9039655	rs1162326	NA	0	0	2
chr3	9076103	9076104	rs9825026	NA	0	0	2
chr3	9116453	9116454	rs422552	NA	0	0	2
chr3	9234398	9234399	rs938116	primer_30_1	2	1	2
chr3	9258145	9258146	rs9861610	NA	0	0	2
chr3	9285602	9285603	rs12631463	NA	0	0	2
chr3	9515229	9515230	rs9818611	NA	0	0	2
chr3	9574455	9574456	rs2633789	NA	0	0	2
chr3	9628462	9628463	rs6797473	NA	0	0	2
chr3	10464959	10464960	rs13323090	NA	0	0	2
chr3	10483961	10483962	rs34892	NA	0	0	2
chr3	10624978	10624979	rs4684731	primer_6_3	2	1	2
chr3	10957807	10957808	rs4610207	NA	0	0	2
chr3	10979410	10979411	rs2930149	NA	0	0	2
chr3	11018160	11018161	rs2928078	NA	0	0	2
chr3	11024701	11024702	rs9879137	NA	0	0	2
chr3	11045357	11045358	rs11719708	NA	0	0	2
chr3	11055288	11055289	rs6763039	NA	0	0	2
chr3	11622501	11622502	rs9871522	primer_10_8	2	1	2
chr3	11757726	11757727	rs17661797	NA	0	0	2
chr3	11782844	11782845	rs2133060	NA	0	0	2
chr3	11871713	11871714	rs51578	NA	0	0	2
chr3	11972037	11972038	rs305491	NA	0	0	2
chr3	13011143	13011144	rs11712537	NA	0	0	2
chr3	13089708	13089709	rs12487324	NA	0	0	2
chr3	13141434	13141435	rs165435	NA	0	0	2
chr3	13639360	13639361	rs7610284	NA	0	0	2
chr3	14212086	14212087	rs4428160	NA	0	0	2
chr3	14249392	14249393	rs1871856	NA	0	0	2
chr3	14252671	14252672	rs2128163	NA	0	0	2
chr3	14323765	14323766	rs9851340	NA	0	0	2
chr3	14379738	14379739	rs10446439	NA	0	0	2
chr3	14409688	14409689	rs7647134	NA	0	0	2
chr3	14429402	14429403	rs748098	NA	0	0	2
chr3	14485029	14485030	rs1062540	NA	0	0	2
chr3	14486519	14486520	rs2341985	primer_25_5	2	1	2
chr3	14541415	14541416	rs11709154	NA	0	0	2
chr3	14614217	14614218	rs12495033	NA	0	0	2
chr3	14774245	14774246	rs829182	primer_36_0	2	1	2
chr3	15152628	15152629	rs1549983	NA	0	0	2
chr3	15299155	15299156	rs6442511	primer_22_9	2	1	2
chr3	15336678	15336679	rs3852037	NA	0	0	2
chr3	15408892	15408893	rs13075694	NA	0	0	2
chr3	15968968	15968969	rs10510444	NA	0	0	2
chr3	16060654	16060655	rs6442577	NA	0	0	2
chr3	16432824	16432825	rs4685337	primer_27_5	2	1	2
chr3	16528238	16528239	rs6774181	NA	0	0	2
chr3	18047612	18047613	rs7620376	NA	0	0	2
chr3	18272131	18272132	rs9837205	NA	0	0	2
chr3	18453808	18453809	rs714141	NA	0	0	2
chr3	18565678	18565679	rs336629	NA	0	0	2
chr3	18843688	18843689	rs11927855	primer_17_2	2	1	2
chr3	18890303	18890304	rs11717739	NA	0	0	2
chr3	19554409	19554410	rs7628760	NA	0	0	2
chr3	20187277	20187278	rs1995722	NA	0	0	2
chr3	20303883	20303884	rs6801666	NA	0	0	2
chr3	20528880	20528881	rs1403651	NA	0	0	2
chr3	20676631	20676632	rs7630274	NA	0	0	2
chr3	20699150	20699151	rs17809619	NA	0	0	2
chr3	20903327	20903328	rs1498994	NA	0	0	2
chr3	21270294	21270295	rs6763061	NA	0	0	2
chr3	21313745	21313746	rs2661410	NA	0	0	2
chr3	21426170	21426171	rs341844	NA	0	0	2
chr3	21450446	21450447	rs424842	NA	0	0	2
chr3	21477652	21477653	rs6800260	NA	0	0	2
chr3	21536603	21536604	rs161196	NA	0	0	2
chr3	21730217	21730218	rs4440141	NA	0	0	2
chr3	21774973	21774974	rs11129021	NA	0	0	2
chr3	21869067	21869068	rs1679217	NA	0	0	2
chr3	21913891	21913892	rs259540	NA	0	0	2
chr3	22001018	22001019	rs9834074	NA	0	0	2
chr3	22062571	22062572	rs1817442	NA	0	0	2
chr3	22160660	22160661	rs10513638	NA	0	0	2
chr3	22306652	22306653	rs1494220	primer_24_9	2	1	2
chr3	22330961	22330962	rs1494227	NA	0	0	2
chr3	22392322	22392323	rs10510527	primer_14_1	2	1	2
chr3	22571302	22571303	rs6799349	NA	0	0	2
chr3	22603428	22603429	rs1870480	NA	0	0	2
chr3	23001545	23001546	rs512541	NA	0	0	2
chr3	23647709	23647710	rs4072410	NA	0	0	2
chr3	23743568	23743569	rs7651576	NA	0	0	2
chr3	23761155	23761156	rs3845923	NA	0	0	2
chr3	23792542	23792543	rs6791130	NA	0	0	2
chr3	24232486	24232487	rs7617186	NA	0	0	2
chr3	24288791	24288792	rs1868575	NA	0	0	2
chr3	24469761	24469762	rs982953	NA	0	0	2
chr3	24602081	24602082	rs12631757	NA	0	0	2
chr3	24716876	24716877	rs4858125	NA	0	0	2
chr3	24956020	24956021	rs6780762	NA	0	0	2
chr3	24995438	24995439	rs6550930	NA	0	0	2
chr3	25435920	25435921	rs7613553	NA	0	0	2
chr3	25439186	25439187	rs6550976	primer_32_2	2	1	2
chr3	25444264	25444265	rs12631063	NA	0	0	2
chr3	25467859	25467860	rs2033447	NA	0	0	2
chr3	25563609	25563610	rs17526839	NA	0	0	2
chr3	25572956	25572957	rs12635379	NA	0	0	2
chr3	26372591	26372592	rs1160717	primer_38_0	2	1	2
chr3	26645625	26645626	rs6767457	NA	0	0	2
chr3	26752026	26752027	rs1488248	NA	0	0	2
chr3	26839614	26839615	rs12635000	NA	0	0	2
chr3	27490304	27490305	rs11129290	NA	0	0	2
chr3	27622949	27622950	rs2370985	NA	0	0	2
chr3	27802086	27802087	rs7649139	NA	0	0	2
chr3	28008918	28008919	rs6551238	NA	0	0	2
chr3	28085103	28085104	rs1156909	NA	0	0	2
chr3	28408879	28408880	rs9310864	NA	0	0	2
chr3	28741865	28741866	rs2199411	NA	0	0	2
chr3	28820930	28820931	rs9883412	NA	0	0	2
chr3	29047507	29047508	rs6796246	NA	0	0	2
chr3	29172905	29172906	rs1020041	NA	0	0	2
chr3	29328285	29328286	rs4552314	NA	0	0	2
chr3	29330912	29330913	rs6777437	primer_15_4	2	1	2
chr3	29378640	29378641	rs4574243	NA	0	0	2
chr3	29532057	29532058	rs35911	NA	0	0	2
chr3	29721457	29721458	rs6783423	NA	0	0	2
chr3	29835895	29835896	rs10446421	NA	0	0	2
chr3	30150926	30150927	rs4680877	NA	0	0	2
chr3	30169614	30169615	rs2371997	NA	0	0	2
chr3	30274385	30274386	rs6549980	NA	0	0	2
chr3	30383792	30383793	rs6783860	NA	0	0	2
chr3	30489406	30489407	rs11917602	NA	0	0	2
chr3	31000965	31000966	rs1567025	primer_18_1	2	1	2
chr3	31025959	31025960	rs294314	NA	0	0	2
chr3	31231862	31231863	rs4955188	NA	0	0	2
chr3	31747791	31747792	rs2290531	NA	0	0	2
chr3	31884175	31884176	rs4438696	NA	0	0	2
chr3	31885314	31885315	rs4478116	NA	0	0	2
chr3	31892126	31892127	rs4334675	NA	0	0	2
chr3	32024233	32024234	rs2880339	NA	0	0	2
chr3	32194565	32194566	rs4440157	NA	0	0	2
chr3	32237472	32237473	rs9837923	primer_35_3	2	1	2
chr3	32346508	32346509	rs749948	NA	0	0	2
chr3	32376151	32376152	rs4364205	NA	0	0	2
chr3	32413588	32413589	rs614004	NA	0	0	2
chr3	32424256	32424257	rs9810960	NA	0	0	2
chr3	32456081	32456082	rs3888882	NA	0	0	2
chr3	32871600	32871601	rs6550169	NA	0	0	2
chr3	33007659	33007660	rs1133253	NA	0	0	2
chr3	33230200	33230201	rs4455284	NA	0	0	2
chr3	33932679	33932680	rs11916425	primer_33_3	2	1	2
chr3	33943828	33943829	rs4588312	NA	0	0	2
chr3	35987827	35987828	rs9809050	NA	0	0	2
chr3	36435623	36435624	rs1598529	NA	0	0	2
chr3	36447002	36447003	rs870445	NA	0	0	2
chr3	36758765	36758766	rs7620657	NA	0	0	2
chr3	36784659	36784660	rs7624701	NA	0	0	2
chr3	36787166	36787167	rs4075977	NA	0	0	2
chr3	37548644	37548645	rs6785634	NA	0	0	2
chr3	37791895	37791896	rs11129771	primer_10_7	2	1	2
chr3	37921198	37921199	rs9869652	primer_37_4	2	1	2
chr3	38088621	38088622	rs2236630	primer_22_2	2	1	2
chr3	38219545	38219546	rs1384006	NA	0	0	2
chr3	38285800	38285801	rs4679028	NA	0	0	2
chr3	38482871	38482872	rs503327	primer_22_1	2	1	2
chr3	39207360	39207361	rs12632771	NA	0	0	2
chr3	39241431	39241432	rs7619161	NA	0	0	2
chr3	40858429	40858430	rs6807519	NA	0	0	2
chr3	40985846	40985847	rs4276160	NA	0	0	2
chr3	41438555	41438556	rs7627972	NA	0	0	2
chr3	42363857	42363858	rs26352	NA	0	0	2
chr3	43173185	43173186	rs938922	NA	0	0	2
chr3	43658799	43658800	rs4432612	NA	0	0	2
chr3	44099664	44099665	rs6800118	NA	0	0	2
chr3	44134394	44134395	rs4234441	NA	0	0	2
chr3	44155765	44155766	rs7626631	NA	0	0	2
